c:\\XRF_TEMP\XRF_T0\MEXRF_attn_coeffs.txt
 1 1 8.12887746
 1 2 0.792688264
 1 3 -0.869658069
 1 4 0.07509687
 1 5 2.530907169
 1 6 4.244649701
 1 7 -1.397987231
 1 8 0.097386975
 2 1 8.132576251
 2 2 0.804209613
 2 3 -0.862561415
 2 4 0.073848065
 2 5 3.402655382
 2 6 3.729179025
 2 7 -1.29084417
 2 8 0.090131367
 3 1 8.386424488
 3 2 0.629894655
 3 3 -0.828470859
 3 4 0.071696227
 3 5 -3.75154635
 3 6 7.983748583
 3 7 -2.135533828
 3 8 0.145911187
 4 1 7.863422163
 4 2 0.995258266
 4 3 -0.899782358
 4 4 0.07624318
 4 5 -13.3573315
 4 6 13.36891805
 4 7 -3.134864579
 4 8 0.20771646
 5 1 8.22482187
 5 2 0.747206144
 5 3 -0.847317978
 5 4 0.072563362
 5 5 0.604487145
 5 6 5.319694031
 5 7 -1.590555696
 5 8 0.108982146
 6 1 7.863422163
 6 2 0.995258266
 6 3 -0.899782358
 6 4 0.07624318
 6 5 -13.3573315
 6 6 13.36891805
 6 7 -3.134864579
 6 8 0.20771646
 7 1 7.863422163
 7 2 0.995258266
 7 3 -0.899782358
 7 4 0.07624318
 7 5 -13.3573315
 7 6 13.36891805
 7 7 -3.134864579
 7 8 0.20771646
 8 1 7.863422163
 8 2 0.995258266
 8 3 -0.899782358
 8 4 0.07624318
 8 5 -13.3573315
 8 6 13.36891805
 8 7 -3.134864579
 8 8 0.20771646
 9 1 7.863422163
 9 2 0.995258266
 9 3 -0.899782358
 9 4 0.07624318
 9 5 -13.3573315
 9 6 13.36891805
 9 7 -3.134864579
 9 8 0.20771646
 10 1 7.863422163
 10 2 0.995258266
 10 3 -0.899782358
 10 4 0.07624318
 10 5 -13.3573315
 10 6 13.36891805
 10 7 -3.134864579
 10 8 0.20771646
 1 115.602
 2 121.791
 3 118.699
 4 128.241
 5 124.982
 6 128.241
 7 128.241
 8 128.241
 9 128.241
 10 128.241
 1 0.097
 2 0.112
 3 0.1005
 4 0.112
 5 0.1085
 6 0.112
 7 0.112
 8 0.112
 9 0.112
 10 0.112
 1 1 12.74838059
 1 2 -9.142238626
 1 3 1.965576373
 1 4 -0.144305678
 1 5 0
 1 6 0
 1 7 0
 1 8 0
 2 1 37.27522605
 2 2 -22.72863384
 2 3 4.461679369
 2 4 -0.297053106
 2 5 0
 2 6 0
 2 7 0
 2 8 0
 1 1 24.32991774
 1 2 -16.25120679
 1 3 3.419310897
 1 4 -0.243576064
 1 5 0
 1 6 0
 1 7 0
 1 8 0
 2 1 0
 2 2 0
 2 3 0
 2 4 0
 2 5 0
 2 6 0
 2 7 0
 2 8 0
 1 1.01159
 2 1.01772
 3 1
 4 1
 5 1
 6 1
 7 1
 8 1
 9 1
 10 1
