HC_S5FP_PASS_XRF_R001.CNF C:\XRF_TEMP\results\HC_S5FP_PASS_XRF_R001 No ID found
2047 5000 5022.42 1.414 29.6 0 0 0 0 0 
 0 
 1 0
 2 0
 3 0
 4 0
 5 0
 6 0
 7 0
 8 0
 9 0
 10 0
 11 1
 12 1
 13 0
 14 0
 15 1
 16 1
 17 0
 18 80
 19 406
 20 581
 21 643
 22 603
 23 599
 24 586
 25 547
 26 562
 27 552
 28 604
 29 590
 30 562
 31 561
 32 566
 33 539
 34 515
 35 547
 36 519
 37 541
 38 518
 39 516
 40 523
 41 479
 42 483
 43 506
 44 442
 45 505
 46 463
 47 435
 48 480
 49 439
 50 532
 51 467
 52 506
 53 480
 54 495
 55 471
 56 488
 57 459
 58 435
 59 479
 60 488
 61 450
 62 443
 63 465
 64 473
 65 463
 66 440
 67 477
 68 474
 69 462
 70 468
 71 483
 72 481
 73 471
 74 417
 75 482
 76 469
 77 478
 78 458
 79 426
 80 438
 81 438
 82 460
 83 449
 84 462
 85 473
 86 462
 87 485
 88 411
 89 416
 90 444
 91 459
 92 445
 93 466
 94 453
 95 447
 96 447
 97 438
 98 422
 99 422
 100 443
 101 469
 102 468
 103 557
 104 831
 105 1420
 106 2218
 107 2821
 108 2846
 109 2074
 110 1188
 111 723
 112 493
 113 493
 114 484
 115 532
 116 626
 117 794
 118 936
 119 974
 120 855
 121 637
 122 494
 123 454
 124 426
 125 419
 126 423
 127 440
 128 437
 129 461
 130 465
 131 441
 132 445
 133 475
 134 441
 135 493
 136 399
 137 478
 138 489
 139 458
 140 478
 141 471
 142 545
 143 512
 144 579
 145 707
 146 875
 147 969
 148 1147
 149 1085
 150 979
 151 811
 152 624
 153 585
 154 542
 155 593
 156 608
 157 739
 158 893
 159 1432
 160 2228
 161 3330
 162 3907
 163 4228
 164 3690
 165 2646
 166 1592
 167 878
 168 574
 169 463
 170 461
 171 493
 172 449
 173 424
 174 461
 175 448
 176 397
 177 446
 178 442
 179 430
 180 440
 181 455
 182 430
 183 532
 184 601
 185 661
 186 658
 187 604
 188 541
 189 494
 190 528
 191 482
 192 483
 193 508
 194 542
 195 485
 196 584
 197 804
 198 1043
 199 1534
 200 1694
 201 1559
 202 1185
 203 804
 204 646
 205 590
 206 633
 207 651
 208 627
 209 566
 210 485
 211 454
 212 435
 213 377
 214 428
 215 382
 216 438
 217 394
 218 409
 219 380
 220 389
 221 434
 222 410
 223 425
 224 411
 225 381
 226 441
 227 431
 228 388
 229 407
 230 417
 231 459
 232 402
 233 434
 234 414
 235 398
 236 429
 237 405
 238 387
 239 414
 240 398
 241 423
 242 431
 243 400
 244 458
 245 441
 246 463
 247 389
 248 442
 249 415
 250 435
 251 465
 252 445
 253 451
 254 476
 255 451
 256 462
 257 507
 258 459
 259 500
 260 494
 261 460
 262 466
 263 512
 264 531
 265 530
 266 538
 267 583
 268 654
 269 658
 270 728
 271 763
 272 782
 273 795
 274 875
 275 911
 276 922
 277 982
 278 963
 279 980
 280 1058
 281 1125
 282 1136
 283 1270
 284 1320
 285 1478
 286 1860
 287 2483
 288 4139
 289 7671
 290 13638
 291 21894
 292 31221
 293 36254
 294 37083
 295 30296
 296 20232
 297 10891
 298 4674
 299 2017
 300 966
 301 652
 302 584
 303 584
 304 582
 305 591
 306 595
 307 608
 308 572
 309 594
 310 556
 311 572
 312 580
 313 565
 314 580
 315 611
 316 660
 317 613
 318 701
 319 722
 320 824
 321 842
 322 802
 323 874
 324 1028
 325 1179
 326 1861
 327 3397
 328 6555
 329 10872
 330 14750
 331 15982
 332 13183
 333 9088
 334 5452
 335 3564
 336 3258
 337 3397
 338 3451
 339 2855
 340 1906
 341 1193
 342 701
 343 440
 344 356
 345 371
 346 336
 347 351
 348 328
 349 336
 350 348
 351 341
 352 358
 353 365
 354 330
 355 310
 356 342
 357 341
 358 353
 359 309
 360 316
 361 308
 362 371
 363 319
 364 344
 365 326
 366 328
 367 323
 368 346
 369 343
 370 371
 371 341
 372 348
 373 326
 374 314
 375 323
 376 325
 377 334
 378 361
 379 343
 380 326
 381 324
 382 300
 383 333
 384 342
 385 326
 386 295
 387 349
 388 316
 389 300
 390 311
 391 326
 392 340
 393 301
 394 334
 395 348
 396 323
 397 336
 398 320
 399 327
 400 330
 401 324
 402 321
 403 330
 404 300
 405 349
 406 351
 407 307
 408 330
 409 321
 410 317
 411 326
 412 289
 413 312
 414 284
 415 304
 416 317
 417 339
 418 303
 419 307
 420 312
 421 365
 422 348
 423 371
 424 346
 425 354
 426 346
 427 357
 428 346
 429 338
 430 365
 431 341
 432 286
 433 303
 434 321
 435 308
 436 301
 437 329
 438 317
 439 344
 440 301
 441 343
 442 290
 443 339
 444 323
 445 296
 446 312
 447 330
 448 293
 449 341
 450 333
 451 312
 452 332
 453 302
 454 334
 455 317
 456 350
 457 272
 458 330
 459 338
 460 325
 461 294
 462 286
 463 326
 464 313
 465 298
 466 329
 467 295
 468 332
 469 288
 470 320
 471 319
 472 306
 473 281
 474 319
 475 304
 476 317
 477 334
 478 337
 479 333
 480 376
 481 409
 482 377
 483 383
 484 395
 485 356
 486 312
 487 306
 488 325
 489 343
 490 336
 491 316
 492 343
 493 338
 494 323
 495 321
 496 326
 497 325
 498 329
 499 298
 500 289
 501 321
 502 293
 503 338
 504 307
 505 290
 506 288
 507 310
 508 299
 509 308
 510 332
 511 295
 512 304
 513 312
 514 292
 515 293
 516 332
 517 342
 518 320
 519 321
 520 349
 521 319
 522 292
 523 287
 524 319
 525 303
 526 308
 527 298
 528 299
 529 286
 530 305
 531 298
 532 314
 533 314
 534 326
 535 310
 536 306
 537 312
 538 294
 539 287
 540 316
 541 294
 542 318
 543 298
 544 294
 545 323
 546 292
 547 304
 548 292
 549 305
 550 279
 551 271
 552 322
 553 288
 554 283
 555 299
 556 334
 557 329
 558 339
 559 355
 560 338
 561 407
 562 383
 563 326
 564 310
 565 342
 566 329
 567 361
 568 345
 569 370
 570 401
 571 386
 572 361
 573 333
 574 330
 575 302
 576 308
 577 330
 578 313
 579 287
 580 317
 581 291
 582 334
 583 275
 584 292
 585 318
 586 292
 587 275
 588 307
 589 336
 590 310
 591 302
 592 321
 593 312
 594 272
 595 290
 596 319
 597 317
 598 306
 599 304
 600 299
 601 322
 602 331
 603 321
 604 292
 605 272
 606 324
 607 275
 608 317
 609 322
 610 307
 611 284
 612 324
 613 312
 614 299
 615 266
 616 315
 617 330
 618 291
 619 297
 620 311
 621 294
 622 325
 623 313
 624 302
 625 304
 626 308
 627 295
 628 301
 629 298
 630 288
 631 309
 632 320
 633 313
 634 316
 635 308
 636 281
 637 287
 638 323
 639 317
 640 338
 641 326
 642 351
 643 364
 644 395
 645 415
 646 387
 647 346
 648 337
 649 346
 650 337
 651 323
 652 349
 653 335
 654 341
 655 294
 656 342
 657 371
 658 330
 659 316
 660 338
 661 358
 662 362
 663 330
 664 332
 665 364
 666 340
 667 345
 668 355
 669 337
 670 301
 671 319
 672 331
 673 320
 674 335
 675 288
 676 302
 677 340
 678 314
 679 328
 680 305
 681 339
 682 348
 683 325
 684 335
 685 324
 686 298
 687 328
 688 364
 689 331
 690 337
 691 338
 692 293
 693 297
 694 348
 695 338
 696 365
 697 283
 698 327
 699 302
 700 331
 701 333
 702 322
 703 323
 704 322
 705 298
 706 316
 707 341
 708 318
 709 326
 710 317
 711 361
 712 334
 713 345
 714 343
 715 375
 716 300
 717 318
 718 320
 719 325
 720 306
 721 349
 722 362
 723 330
 724 306
 725 347
 726 347
 727 342
 728 324
 729 372
 730 318
 731 321
 732 334
 733 334
 734 358
 735 328
 736 368
 737 351
 738 348
 739 317
 740 347
 741 368
 742 354
 743 358
 744 340
 745 358
 746 336
 747 349
 748 349
 749 367
 750 351
 751 343
 752 340
 753 363
 754 390
 755 355
 756 335
 757 352
 758 352
 759 368
 760 334
 761 357
 762 328
 763 378
 764 395
 765 430
 766 419
 767 457
 768 526
 769 502
 770 431
 771 419
 772 393
 773 390
 774 355
 775 361
 776 367
 777 374
 778 366
 779 390
 780 430
 781 383
 782 498
 783 641
 784 903
 785 1367
 786 2158
 787 2894
 788 3667
 789 4001
 790 3539
 791 2731
 792 1821
 793 1181
 794 699
 795 498
 796 388
 797 346
 798 324
 799 345
 800 344
 801 315
 802 335
 803 314
 804 349
 805 351
 806 353
 807 344
 808 315
 809 337
 810 301
 811 330
 812 309
 813 321
 814 325
 815 317
 816 323
 817 338
 818 329
 819 331
 820 295
 821 286
 822 331
 823 296
 824 324
 825 383
 826 318
 827 347
 828 349
 829 341
 830 317
 831 332
 832 343
 833 330
 834 346
 835 320
 836 337
 837 327
 838 324
 839 324
 840 352
 841 353
 842 335
 843 334
 844 315
 845 349
 846 308
 847 276
 848 349
 849 338
 850 355
 851 326
 852 362
 853 349
 854 333
 855 326
 856 356
 857 357
 858 344
 859 332
 860 343
 861 363
 862 344
 863 377
 864 352
 865 354
 866 372
 867 378
 868 402
 869 359
 870 380
 871 372
 872 363
 873 350
 874 394
 875 411
 876 377
 877 401
 878 379
 879 427
 880 412
 881 376
 882 392
 883 403
 884 446
 885 439
 886 467
 887 478
 888 447
 889 473
 890 498
 891 492
 892 464
 893 448
 894 408
 895 434
 896 387
 897 397
 898 389
 899 407
 900 405
 901 408
 902 393
 903 420
 904 378
 905 389
 906 392
 907 384
 908 421
 909 415
 910 411
 911 393
 912 383
 913 447
 914 439
 915 432
 916 409
 917 407
 918 374
 919 412
 920 383
 921 402
 922 362
 923 383
 924 372
 925 394
 926 376
 927 406
 928 374
 929 416
 930 396
 931 401
 932 398
 933 415
 934 372
 935 398
 936 398
 937 401
 938 389
 939 401
 940 375
 941 391
 942 385
 943 390
 944 368
 945 383
 946 385
 947 374
 948 378
 949 405
 950 369
 951 378
 952 411
 953 365
 954 362
 955 394
 956 407
 957 383
 958 393
 959 405
 960 407
 961 415
 962 427
 963 416
 964 376
 965 405
 966 373
 967 408
 968 391
 969 396
 970 378
 971 390
 972 373
 973 358
 974 363
 975 434
 976 382
 977 358
 978 423
 979 396
 980 365
 981 358
 982 398
 983 407
 984 377
 985 406
 986 404
 987 431
 988 450
 989 504
 990 453
 991 457
 992 431
 993 433
 994 425
 995 403
 996 352
 997 379
 998 376
 999 393
 1000 364
 1001 402
 1002 365
 1003 394
 1004 384
 1005 398
 1006 404
 1007 384
 1008 425
 1009 419
 1010 397
 1011 384
 1012 393
 1013 378
 1014 395
 1015 426
 1016 406
 1017 413
 1018 400
 1019 394
 1020 400
 1021 399
 1022 429
 1023 422
 1024 404
 1025 391
 1026 412
 1027 394
 1028 426
 1029 403
 1030 418
 1031 430
 1032 459
 1033 443
 1034 474
 1035 459
 1036 448
 1037 455
 1038 418
 1039 450
 1040 414
 1041 416
 1042 379
 1043 408
 1044 397
 1045 391
 1046 402
 1047 394
 1048 400
 1049 418
 1050 373
 1051 405
 1052 397
 1053 383
 1054 419
 1055 436
 1056 374
 1057 372
 1058 444
 1059 411
 1060 413
 1061 427
 1062 348
 1063 427
 1064 385
 1065 401
 1066 419
 1067 416
 1068 404
 1069 400
 1070 419
 1071 385
 1072 440
 1073 396
 1074 375
 1075 433
 1076 423
 1077 400
 1078 385
 1079 376
 1080 431
 1081 371
 1082 406
 1083 397
 1084 404
 1085 423
 1086 413
 1087 429
 1088 459
 1089 389
 1090 387
 1091 397
 1092 418
 1093 411
 1094 387
 1095 424
 1096 434
 1097 378
 1098 413
 1099 413
 1100 429
 1101 428
 1102 452
 1103 395
 1104 380
 1105 375
 1106 382
 1107 426
 1108 403
 1109 396
 1110 440
 1111 406
 1112 398
 1113 398
 1114 409
 1115 385
 1116 422
 1117 409
 1118 394
 1119 414
 1120 417
 1121 381
 1122 386
 1123 397
 1124 419
 1125 399
 1126 413
 1127 448
 1128 414
 1129 404
 1130 417
 1131 381
 1132 423
 1133 426
 1134 432
 1135 411
 1136 439
 1137 403
 1138 454
 1139 356
 1140 439
 1141 478
 1142 483
 1143 513
 1144 601
 1145 630
 1146 665
 1147 654
 1148 633
 1149 539
 1150 497
 1151 478
 1152 382
 1153 408
 1154 417
 1155 423
 1156 459
 1157 524
 1158 774
 1159 1280
 1160 2351
 1161 4254
 1162 7151
 1163 10602
 1164 14158
 1165 16295
 1166 16567
 1167 14979
 1168 11779
 1169 8082
 1170 4894
 1171 2735
 1172 1434
 1173 781
 1174 476
 1175 391
 1176 326
 1177 324
 1178 305
 1179 329
 1180 292
 1181 326
 1182 319
 1183 336
 1184 307
 1185 317
 1186 297
 1187 316
 1188 306
 1189 293
 1190 300
 1191 310
 1192 304
 1193 302
 1194 298
 1195 322
 1196 328
 1197 303
 1198 301
 1199 285
 1200 310
 1201 319
 1202 319
 1203 309
 1204 308
 1205 325
 1206 339
 1207 339
 1208 336
 1209 299
 1210 302
 1211 323
 1212 287
 1213 336
 1214 314
 1215 291
 1216 276
 1217 308
 1218 307
 1219 329
 1220 319
 1221 295
 1222 326
 1223 303
 1224 318
 1225 318
 1226 314
 1227 288
 1228 322
 1229 303
 1230 285
 1231 335
 1232 320
 1233 316
 1234 299
 1235 330
 1236 290
 1237 311
 1238 316
 1239 297
 1240 313
 1241 303
 1242 305
 1243 315
 1244 300
 1245 283
 1246 283
 1247 334
 1248 375
 1249 384
 1250 383
 1251 445
 1252 491
 1253 501
 1254 490
 1255 489
 1256 437
 1257 389
 1258 385
 1259 345
 1260 317
 1261 376
 1262 322
 1263 289
 1264 322
 1265 324
 1266 322
 1267 333
 1268 295
 1269 298
 1270 304
 1271 292
 1272 290
 1273 309
 1274 297
 1275 288
 1276 305
 1277 330
 1278 299
 1279 287
 1280 314
 1281 269
 1282 310
 1283 291
 1284 320
 1285 291
 1286 277
 1287 305
 1288 334
 1289 302
 1290 313
 1291 281
 1292 275
 1293 301
 1294 364
 1295 301
 1296 329
 1297 346
 1298 370
 1299 396
 1300 442
 1301 496
 1302 549
 1303 621
 1304 585
 1305 615
 1306 553
 1307 450
 1308 451
 1309 367
 1310 373
 1311 349
 1312 358
 1313 297
 1314 337
 1315 334
 1316 335
 1317 361
 1318 352
 1319 316
 1320 337
 1321 329
 1322 354
 1323 314
 1324 306
 1325 313
 1326 284
 1327 339
 1328 303
 1329 318
 1330 299
 1331 308
 1332 309
 1333 264
 1334 304
 1335 305
 1336 274
 1337 304
 1338 288
 1339 305
 1340 293
 1341 322
 1342 285
 1343 321
 1344 290
 1345 306
 1346 284
 1347 289
 1348 291
 1349 306
 1350 289
 1351 258
 1352 323
 1353 283
 1354 284
 1355 271
 1356 311
 1357 300
 1358 286
 1359 274
 1360 303
 1361 301
 1362 309
 1363 306
 1364 330
 1365 301
 1366 308
 1367 316
 1368 318
 1369 321
 1370 364
 1371 338
 1372 357
 1373 322
 1374 386
 1375 375
 1376 358
 1377 330
 1378 365
 1379 304
 1380 335
 1381 317
 1382 304
 1383 311
 1384 276
 1385 307
 1386 271
 1387 286
 1388 338
 1389 329
 1390 362
 1391 378
 1392 448
 1393 427
 1394 426
 1395 477
 1396 433
 1397 411
 1398 381
 1399 380
 1400 354
 1401 353
 1402 313
 1403 344
 1404 353
 1405 336
 1406 305
 1407 360
 1408 332
 1409 310
 1410 299
 1411 322
 1412 290
 1413 299
 1414 289
 1415 262
 1416 279
 1417 293
 1418 302
 1419 280
 1420 313
 1421 273
 1422 284
 1423 314
 1424 329
 1425 305
 1426 313
 1427 322
 1428 324
 1429 311
 1430 270
 1431 291
 1432 307
 1433 325
 1434 298
 1435 349
 1436 282
 1437 327
 1438 274
 1439 319
 1440 304
 1441 302
 1442 319
 1443 313
 1444 324
 1445 289
 1446 358
 1447 292
 1448 315
 1449 338
 1450 318
 1451 312
 1452 315
 1453 304
 1454 326
 1455 283
 1456 327
 1457 350
 1458 321
 1459 311
 1460 312
 1461 338
 1462 335
 1463 325
 1464 345
 1465 354
 1466 338
 1467 343
 1468 327
 1469 302
 1470 327
 1471 347
 1472 360
 1473 372
 1474 410
 1475 345
 1476 356
 1477 340
 1478 336
 1479 361
 1480 335
 1481 291
 1482 295
 1483 270
 1484 366
 1485 307
 1486 268
 1487 331
 1488 290
 1489 297
 1490 313
 1491 329
 1492 293
 1493 297
 1494 350
 1495 311
 1496 328
 1497 284
 1498 307
 1499 305
 1500 292
 1501 303
 1502 328
 1503 319
 1504 301
 1505 308
 1506 283
 1507 338
 1508 314
 1509 312
 1510 315
 1511 293
 1512 318
 1513 305
 1514 317
 1515 335
 1516 346
 1517 354
 1518 320
 1519 313
 1520 313
 1521 304
 1522 315
 1523 337
 1524 300
 1525 312
 1526 304
 1527 343
 1528 294
 1529 333
 1530 316
 1531 297
 1532 326
 1533 280
 1534 304
 1535 338
 1536 298
 1537 298
 1538 276
 1539 325
 1540 295
 1541 311
 1542 311
 1543 324
 1544 282
 1545 307
 1546 300
 1547 330
 1548 299
 1549 272
 1550 344
 1551 325
 1552 311
 1553 318
 1554 307
 1555 332
 1556 332
 1557 284
 1558 303
 1559 276
 1560 307
 1561 309
 1562 304
 1563 278
 1564 306
 1565 304
 1566 302
 1567 288
 1568 322
 1569 294
 1570 296
 1571 308
 1572 329
 1573 302
 1574 323
 1575 305
 1576 320
 1577 294
 1578 316
 1579 298
 1580 296
 1581 326
 1582 287
 1583 306
 1584 294
 1585 282
 1586 270
 1587 318
 1588 306
 1589 305
 1590 331
 1591 284
 1592 320
 1593 311
 1594 303
 1595 311
 1596 309
 1597 318
 1598 300
 1599 298
 1600 292
 1601 315
 1602 316
 1603 314
 1604 281
 1605 309
 1606 299
 1607 293
 1608 291
 1609 285
 1610 276
 1611 323
 1612 315
 1613 289
 1614 310
 1615 302
 1616 288
 1617 314
 1618 305
 1619 317
 1620 296
 1621 329
 1622 341
 1623 426
 1624 527
 1625 783
 1626 1013
 1627 1414
 1628 1736
 1629 2021
 1630 2069
 1631 1966
 1632 1632
 1633 1324
 1634 951
 1635 707
 1636 529
 1637 349
 1638 352
 1639 316
 1640 292
 1641 275
 1642 323
 1643 246
 1644 308
 1645 273
 1646 339
 1647 284
 1648 270
 1649 284
 1650 261
 1651 273
 1652 278
 1653 314
 1654 299
 1655 270
 1656 293
 1657 296
 1658 271
 1659 285
 1660 251
 1661 270
 1662 274
 1663 291
 1664 300
 1665 264
 1666 303
 1667 269
 1668 268
 1669 278
 1670 283
 1671 307
 1672 288
 1673 283
 1674 282
 1675 276
 1676 272
 1677 289
 1678 250
 1679 266
 1680 271
 1681 272
 1682 315
 1683 282
 1684 270
 1685 279
 1686 295
 1687 262
 1688 285
 1689 280
 1690 281
 1691 287
 1692 280
 1693 275
 1694 257
 1695 259
 1696 308
 1697 277
 1698 270
 1699 293
 1700 287
 1701 239
 1702 295
 1703 274
 1704 281
 1705 302
 1706 262
 1707 291
 1708 276
 1709 235
 1710 265
 1711 292
 1712 277
 1713 273
 1714 265
 1715 282
 1716 274
 1717 284
 1718 279
 1719 272
 1720 296
 1721 265
 1722 269
 1723 280
 1724 295
 1725 250
 1726 280
 1727 277
 1728 303
 1729 273
 1730 275
 1731 250
 1732 290
 1733 269
 1734 294
 1735 278
 1736 291
 1737 248
 1738 282
 1739 277
 1740 269
 1741 280
 1742 288
 1743 326
 1744 259
 1745 286
 1746 272
 1747 288
 1748 280
 1749 253
 1750 271
 1751 306
 1752 294
 1753 286
 1754 293
 1755 260
 1756 249
 1757 273
 1758 260
 1759 237
 1760 248
 1761 295
 1762 284
 1763 270
 1764 275
 1765 260
 1766 277
 1767 273
 1768 255
 1769 296
 1770 286
 1771 265
 1772 305
 1773 265
 1774 282
 1775 279
 1776 269
 1777 260
 1778 264
 1779 279
 1780 294
 1781 251
 1782 263
 1783 239
 1784 274
 1785 281
 1786 301
 1787 246
 1788 260
 1789 272
 1790 272
 1791 269
 1792 266
 1793 264
 1794 279
 1795 277
 1796 253
 1797 302
 1798 271
 1799 264
 1800 261
 1801 279
 1802 243
 1803 281
 1804 273
 1805 279
 1806 247
 1807 291
 1808 258
 1809 266
 1810 269
 1811 260
 1812 269
 1813 263
 1814 271
 1815 302
 1816 253
 1817 240
 1818 279
 1819 262
 1820 275
 1821 276
 1822 266
 1823 263
 1824 279
 1825 270
 1826 315
 1827 295
 1828 268
 1829 266
 1830 299
 1831 247
 1832 257
 1833 308
 1834 262
 1835 258
 1836 265
 1837 291
 1838 292
 1839 256
 1840 258
 1841 281
 1842 255
 1843 293
 1844 269
 1845 277
 1846 265
 1847 278
 1848 260
 1849 273
 1850 245
 1851 230
 1852 274
 1853 278
 1854 233
 1855 275
 1856 256
 1857 279
 1858 266
 1859 265
 1860 274
 1861 250
 1862 280
 1863 268
 1864 249
 1865 246
 1866 246
 1867 238
 1868 246
 1869 288
 1870 263
 1871 274
 1872 275
 1873 309
 1874 257
 1875 266
 1876 276
 1877 282
 1878 290
 1879 299
 1880 254
 1881 311
 1882 273
 1883 277
 1884 266
 1885 290
 1886 267
 1887 272
 1888 259
 1889 260
 1890 274
 1891 261
 1892 255
 1893 268
 1894 289
 1895 264
 1896 266
 1897 230
 1898 275
 1899 263
 1900 266
 1901 259
 1902 255
 1903 234
 1904 265
 1905 244
 1906 251
 1907 307
 1908 249
 1909 262
 1910 249
 1911 278
 1912 281
 1913 252
 1914 258
 1915 250
 1916 306
 1917 286
 1918 270
 1919 283
 1920 258
 1921 242
 1922 310
 1923 272
 1924 278
 1925 239
 1926 270
 1927 226
 1928 295
 1929 245
 1930 279
 1931 257
 1932 300
 1933 250
 1934 267
 1935 272
 1936 263
 1937 245
 1938 253
 1939 268
 1940 268
 1941 270
 1942 283
 1943 296
 1944 280
 1945 275
 1946 271
 1947 260
 1948 276
 1949 246
 1950 278
 1951 280
 1952 272
 1953 281
 1954 263
 1955 269
 1956 228
 1957 258
 1958 287
 1959 266
 1960 263
 1961 291
 1962 236
 1963 221
 1964 276
 1965 267
 1966 249
 1967 264
 1968 264
 1969 268
 1970 241
 1971 262
 1972 259
 1973 244
 1974 248
 1975 293
 1976 257
 1977 254
 1978 236
 1979 247
 1980 275
 1981 245
 1982 255
 1983 271
 1984 271
 1985 250
 1986 239
 1987 261
 1988 249
 1989 272
 1990 280
 1991 246
 1992 253
 1993 260
 1994 256
 1995 259
 1996 250
 1997 255
 1998 241
 1999 226
 2000 258
 2001 278
 2002 252
 2003 290
 2004 262
 2005 264
 2006 225
 2007 242
 2008 251
 2009 277
 2010 276
 2011 249
 2012 264
 2013 281
 2014 271
 2015 256
 2016 290
 2017 255
 2018 258
 2019 257
 2020 261
 2021 256
 2022 255
 2023 275
 2024 245
 2025 240
 2026 254
 2027 221
 2028 238
 2029 250
 2030 235
 2031 268
 2032 242
 2033 247
 2034 269
 2035 235
 2036 238
 2037 248
 2038 257
 2039 239
 2040 251
 2041 251
 2042 260
 2043 275
 2044 256
 2045 249
 2046 269
 2047 244
 2048 237
