 spec_fit_3.txt                                                        
   4.8836545757969798     
           1   5867058.7504886445        2275.3180121208206     
           2   1795831.3214233250        1314.2674430346274     
           3   1970.3157007122079        350.84475573512526     
           4   3311.2553135850903        250.26488525041475     
           5   36583.386355795308        313.73736689786148     
           6   0.0000000000000000        0.0000000000000000     
           7   0.0000000000000000        0.0000000000000000     
           8   0.0000000000000000        0.0000000000000000     
           9  0.19894547142334348        1.7100200707928503E-004
          10   7.7133331877369662E-002   1.6857284276018331E-004
          11   0.0000000000000000        0.0000000000000000     
          12   0.0000000000000000        0.0000000000000000     
          13   0.0000000000000000        0.0000000000000000     
          14  0.84729263505305841        2.9997964721590826E-003
          15 -0.13472065592112820        1.0669218580402959E-004
          16   7.5607537544555931E-002   8.2072713022529780E-008
          17  0.19644426045344371        9.1708655170602961E-005
          18   2.7972356212832297E-002   6.3904194248597774E-005
          19   4.6184873945838136        7.9911971155642008E-003
          20   3.0990937411307752E-004   8.7208634481720298E-007
          21   1.0000000000000000        0.0000000000000000     
          22  0.20895350858379377        1.8910201341781005E-003
          23   88.004929505550692        2.3528800802226522E-003
          24   65811.906864068616        481.39767798218992     
          25  0.36916764661617602        5.7848453497702686E-003
          26   0.0000000000000000        0.0000000000000000     
          27   0.0000000000000000        0.0000000000000000     
          28   149.82822488517806        1.7094302927472545E-002
          29  0.67317955203538771        5.0166528992139515E-004
          30   8579014506.7328262        3579185.6079505668     
          31   2.3587940027381751        1.3445325499291337E-002
          32   85.091894325349102        0.0000000000000000     
          33   73.367590765539063        1.9094947964023782E-002
          34   1.0932745140299570E-003   1.5978693414784023E-006
          35   8.2400722405979012E-004   1.5446027788129578E-006
          36   5.6741832977782005        6.3685540050255982E-003
          37   3.1879564120500484E-002   2.0291661937485751E-004
          38  -14.073978856784342        8.3437263798137096E-002
          39   6.4072247598510454E-003   1.3124127671993965E-004
          40   68803.834347491415        1302.7493255469994     
          41  0.14314815855760618        9.1633278117642816E-005
          42   0.0000000000000000        0.0000000000000000     
           1           1   941285.81012489495     
           1           2   35143.958857571015     
           1           3  -9169.4148502188727     
           1           4  -5300.9370236856130     
           1           5  -2473.3564930953553     
           1           6   0.0000000000000000     
           1           7   0.0000000000000000     
           1           8   0.0000000000000000     
           1           9  -1.9726007006751959E-003
           1          10  -2.2544858770423329E-003
           1          11   0.0000000000000000     
           1          12   0.0000000000000000     
           1          13   0.0000000000000000     
           1          14  -4.8299352536767572E-002
           1          15  -4.1526875514756156E-003
           1          16  -3.1927528081543066E-006
           1          17  -5.6299129233597965E-003
           1          18  -2.0275531515173096E-003
           1          19 -0.24447080381551309     
           1          20  -1.8765746360932463E-005
           1          21   0.0000000000000000     
           1          22  -5.6674684194342899E-002
           1          23  -5.2619006820231337E-002
           1          24  -4173.0531039845318     
           1          25  -3.1205017083782951E-002
           1          26   0.0000000000000000     
           1          27   0.0000000000000000     
           1          28 -0.42675559272044622     
           1          29  -1.0148804557669778E-002
           1          30  -59769163.942669794     
           1          31 -0.31579453535961405     
           1          32   0.0000000000000000     
           1          33  -9.7615894645733947E-003
           1          34  -2.8593925873567283E-005
           1          35  -2.1414740792988142E-005
           1          36 -0.13865692604703295     
           1          37  -6.5410913658500705E-003
           1          38  -2.6703335913646398     
           1          39  -1.4642870474921184E-003
           1          40  -24812.916602081361     
           1          41  -1.4439647075494468E-003
           1          42   0.0000000000000000     
           2           1   35143.958857571008     
           2           2   314054.34150145849     
           2           3  -5786.5511462106542     
           2           4  -4293.9865515286483     
           2           5  -5241.1234462751718     
           2           6   0.0000000000000000     
           2           7   0.0000000000000000     
           2           8   0.0000000000000000     
           2           9  -2.1103121221140008E-003
           2          10   3.0294263713622842E-003
           2          11   0.0000000000000000     
           2          12   0.0000000000000000     
           2          13   0.0000000000000000     
           2          14  -1.9199690735148982E-002
           2          15  -1.8572274435323852E-003
           2          16  -1.4712445285780970E-006
           2          17  -7.0681881672955797E-003
           2          18  -1.1677362626952017E-003
           2          19 -0.13829700880710508     
           2          20  -1.1824428775416620E-005
           2          21   0.0000000000000000     
           2          22  -3.9216127842439163E-002
           2          23   3.2676267575344184E-002
           2          24  -2733.9886630036981     
           2          25  -7.8755501042018547E-002
           2          26   0.0000000000000000     
           2          27   0.0000000000000000     
           2          28  -8.4835240940077328E-002
           2          29  -2.9447239492363421E-003
           2          30  -33779354.527743988     
           2          31 -0.22555395603539571     
           2          32   0.0000000000000000     
           2          33  -9.9413804071076223E-002
           2          34  -1.8852142880074663E-005
           2          35  -1.3086675732010192E-005
           2          36  -9.8269442416449540E-002
           2          37  -3.7600365355658270E-003
           2          38  -1.5389977559398234     
           2          39  -8.9087251449595465E-004
           2          40  -13098.794313452101     
           2          41  -7.4414603565180237E-004
           2          42   0.0000000000000000     
           3           1  -9169.4148502188709     
           3           2  -5786.5511462106542     
           3           3   22380.370951830180     
           3           4   643.75964000360079     
           3           5  -1200.4707757539138     
           3           6   0.0000000000000000     
           3           7   0.0000000000000000     
           3           8   0.0000000000000000     
           3           9   1.1856096566523939E-003
           3          10   1.6954111333809115E-003
           3          11   0.0000000000000000     
           3          12   0.0000000000000000     
           3          13   0.0000000000000000     
           3          14   5.2297036240582279E-004
           3          15  -3.1448757461187855E-004
           3          16  -2.8603013571944299E-007
           3          17  -3.1239105703645344E-004
           3          18  -2.0192754094776292E-004
           3          19  -3.5456610152386020E-002
           3          20  -3.9120709545043536E-006
           3          21   0.0000000000000000     
           3          22   6.4832534803831457E-002
           3          23   5.9033159555807922E-002
           3          24   5177.4110442639985     
           3          25  -1.3161413144821147E-002
           3          26   0.0000000000000000     
           3          27   0.0000000000000000     
           3          28  -7.0353789845676154E-002
           3          29  -6.6005024953973753E-004
           3          30  -7348264.3476153836     
           3          31  -6.7864184309368566E-002
           3          32   0.0000000000000000     
           3          33  -5.9899451797189543E-002
           3          34  -6.0597373170286860E-006
           3          35   2.1806587956507914E-006
           3          36  -3.1295065097322904E-002
           3          37  -2.7805467863171188E-004
           3          38 -0.10235212385261505     
           3          39   1.3157544747590048E-003
           3          40   7322.8413835381616     
           3          41  -7.1069310767949753E-006
           3          42   0.0000000000000000     
           4           1  -5300.9370236856130     
           4           2  -4293.9865515286492     
           4           3   643.75964000360091     
           4           4   11387.729376800911     
           4           5  -1051.8605580239644     
           4           6   0.0000000000000000     
           4           7   0.0000000000000000     
           4           8   0.0000000000000000     
           4           9   8.4530582827388695E-004
           4          10   7.6610658668371876E-004
           4          11   0.0000000000000000     
           4          12   0.0000000000000000     
           4          13   0.0000000000000000     
           4          14  -2.8117381391119202E-003
           4          15  -4.7208520105789176E-004
           4          16  -3.5878450961966240E-007
           4          17  -3.2003976479973303E-004
           4          18  -1.4112330465467884E-004
           4          19  -2.6183424245148273E-002
           4          20  -2.7411366982764125E-006
           4          21   0.0000000000000000     
           4          22   3.4391588815286950E-002
           4          23   5.3749361753675798E-002
           4          24   2803.5577610206842     
           4          25  -1.9111636559161340E-002
           4          26   0.0000000000000000     
           4          27   0.0000000000000000     
           4          28   8.4975861007200500E-003
           4          29  -5.3614782182364999E-004
           4          30  -5275254.1026808051     
           4          31  -5.1890324469869784E-002
           4          32   0.0000000000000000     
           4          33  -2.2321807457734426E-002
           4          34  -2.7602472932060388E-006
           4          35   3.1151464139621915E-006
           4          36  -2.0866153175106528E-002
           4          37  -2.8176169361717406E-004
           4          38 -0.18963223058851356     
           4          39   7.2169372385190282E-004
           4          40   4195.4729316220864     
           4          41  -1.0346884834847620E-004
           4          42   0.0000000000000000     
           5           1  -2473.3564930953548     
           5           2  -5241.1234462751718     
           5           3  -1200.4707757539138     
           5           4  -1051.8605580239644     
           5           5   17896.569722801843     
           5           6   0.0000000000000000     
           5           7   0.0000000000000000     
           5           8   0.0000000000000000     
           5           9   7.3255190686671607E-004
           5          10   6.2275873497646926E-003
           5          11   0.0000000000000000     
           5          12   0.0000000000000000     
           5          13   0.0000000000000000     
           5          14  -1.3337545051506376E-003
           5          15  -4.5485463246137676E-004
           5          16  -3.8515879062133233E-007
           5          17  -1.1546378707131028E-003
           5          18  -2.1628343557246555E-004
           5          19  -2.5954207600501947E-002
           5          20  -3.5576978550691156E-006
           5          21   0.0000000000000000     
           5          22   3.8178061220980899E-002
           5          23   3.4995380446653748E-002
           5          24   3296.4064222994116     
           5          25  -2.1547159174850214E-002
           5          26   0.0000000000000000     
           5          27   0.0000000000000000     
           5          28   2.9621995182113069E-002
           5          29  -6.2352948628115881E-005
           5          30  -6874230.7304809624     
           5          31  -6.4002600245315094E-002
           5          32   0.0000000000000000     
           5          33  -5.1711391697687591E-002
           5          34  -4.9237409631382811E-006
           5          35   2.2527569368452909E-006
           5          36  -2.7987822467818842E-002
           5          37  -7.2650461718489151E-004
           5          38 -0.27990964923104494     
           5          39   8.6867081759789714E-004
           5          40   5475.5762420149395     
           5          41  -8.4429614492975819E-005
           5          42   0.0000000000000000     
           6           1   0.0000000000000000     
           6           2   0.0000000000000000     
           6           3   0.0000000000000000     
           6           4   0.0000000000000000     
           6           5   0.0000000000000000     
           6           6   0.0000000000000000     
           6           7   0.0000000000000000     
           6           8   0.0000000000000000     
           6           9   0.0000000000000000     
           6          10   0.0000000000000000     
           6          11   0.0000000000000000     
           6          12   0.0000000000000000     
           6          13   0.0000000000000000     
           6          14   0.0000000000000000     
           6          15   0.0000000000000000     
           6          16   0.0000000000000000     
           6          17   0.0000000000000000     
           6          18   0.0000000000000000     
           6          19   0.0000000000000000     
           6          20   0.0000000000000000     
           6          21   0.0000000000000000     
           6          22   0.0000000000000000     
           6          23   0.0000000000000000     
           6          24   0.0000000000000000     
           6          25   0.0000000000000000     
           6          26   0.0000000000000000     
           6          27   0.0000000000000000     
           6          28   0.0000000000000000     
           6          29   0.0000000000000000     
           6          30   0.0000000000000000     
           6          31   0.0000000000000000     
           6          32   0.0000000000000000     
           6          33   0.0000000000000000     
           6          34   0.0000000000000000     
           6          35   0.0000000000000000     
           6          36   0.0000000000000000     
           6          37   0.0000000000000000     
           6          38   0.0000000000000000     
           6          39   0.0000000000000000     
           6          40   0.0000000000000000     
           6          41   0.0000000000000000     
           6          42   0.0000000000000000     
           7           1   0.0000000000000000     
           7           2   0.0000000000000000     
           7           3   0.0000000000000000     
           7           4   0.0000000000000000     
           7           5   0.0000000000000000     
           7           6   0.0000000000000000     
           7           7   0.0000000000000000     
           7           8   0.0000000000000000     
           7           9   0.0000000000000000     
           7          10   0.0000000000000000     
           7          11   0.0000000000000000     
           7          12   0.0000000000000000     
           7          13   0.0000000000000000     
           7          14   0.0000000000000000     
           7          15   0.0000000000000000     
           7          16   0.0000000000000000     
           7          17   0.0000000000000000     
           7          18   0.0000000000000000     
           7          19   0.0000000000000000     
           7          20   0.0000000000000000     
           7          21   0.0000000000000000     
           7          22   0.0000000000000000     
           7          23   0.0000000000000000     
           7          24   0.0000000000000000     
           7          25   0.0000000000000000     
           7          26   0.0000000000000000     
           7          27   0.0000000000000000     
           7          28   0.0000000000000000     
           7          29   0.0000000000000000     
           7          30   0.0000000000000000     
           7          31   0.0000000000000000     
           7          32   0.0000000000000000     
           7          33   0.0000000000000000     
           7          34   0.0000000000000000     
           7          35   0.0000000000000000     
           7          36   0.0000000000000000     
           7          37   0.0000000000000000     
           7          38   0.0000000000000000     
           7          39   0.0000000000000000     
           7          40   0.0000000000000000     
           7          41   0.0000000000000000     
           7          42   0.0000000000000000     
           8           1   0.0000000000000000     
           8           2   0.0000000000000000     
           8           3   0.0000000000000000     
           8           4   0.0000000000000000     
           8           5   0.0000000000000000     
           8           6   0.0000000000000000     
           8           7   0.0000000000000000     
           8           8   0.0000000000000000     
           8           9   0.0000000000000000     
           8          10   0.0000000000000000     
           8          11   0.0000000000000000     
           8          12   0.0000000000000000     
           8          13   0.0000000000000000     
           8          14   0.0000000000000000     
           8          15   0.0000000000000000     
           8          16   0.0000000000000000     
           8          17   0.0000000000000000     
           8          18   0.0000000000000000     
           8          19   0.0000000000000000     
           8          20   0.0000000000000000     
           8          21   0.0000000000000000     
           8          22   0.0000000000000000     
           8          23   0.0000000000000000     
           8          24   0.0000000000000000     
           8          25   0.0000000000000000     
           8          26   0.0000000000000000     
           8          27   0.0000000000000000     
           8          28   0.0000000000000000     
           8          29   0.0000000000000000     
           8          30   0.0000000000000000     
           8          31   0.0000000000000000     
           8          32   0.0000000000000000     
           8          33   0.0000000000000000     
           8          34   0.0000000000000000     
           8          35   0.0000000000000000     
           8          36   0.0000000000000000     
           8          37   0.0000000000000000     
           8          38   0.0000000000000000     
           8          39   0.0000000000000000     
           8          40   0.0000000000000000     
           8          41   0.0000000000000000     
           8          42   0.0000000000000000     
           9           1  -1.9726007006751959E-003
           9           2  -2.1103121221140008E-003
           9           3   1.1856096566523937E-003
           9           4   8.4530582827388695E-004
           9           5   7.3255190686671607E-004
           9           6   0.0000000000000000     
           9           7   0.0000000000000000     
           9           8   0.0000000000000000     
           9           9   5.3166701558100418E-009
           9          10  -2.7832653180632879E-010
           9          11   0.0000000000000000     
           9          12   0.0000000000000000     
           9          13   0.0000000000000000     
           9          14  -4.9045713966379498E-009
           9          15  -1.6288622801617315E-010
           9          16  -6.3992190064709898E-015
           9          17   7.7009465041266886E-011
           9          18   8.3333595933661804E-012
           9          19   2.0886213072580410E-009
           9          20  -1.3268195355328517E-012
           9          21   0.0000000000000000     
           9          22  -6.6357732010117721E-009
           9          23  -6.9966990290623280E-009
           9          24  -7.6526543397194735E-004
           9          25  -1.8124994370406020E-009
           9          26   0.0000000000000000     
           9          27   0.0000000000000000     
           9          28  -2.5259588192966146E-008
           9          29  -8.0776683318024531E-010
           9          30  -5.8284712544996538     
           9          31  -1.4033480147380555E-008
           9          32   0.0000000000000000     
           9          33  -3.3596012828712593E-008
           9          34  -2.6079209373448517E-012
           9          35  -2.5417577645807694E-012
           9          36  -9.3565158414845224E-009
           9          37   1.6095903737288848E-011
           9          38   1.6823130623207918E-008
           9          39  -2.1940720392579925E-010
           9          40  -1.9211750612343468E-003
           9          41  -1.4970340862253226E-010
           9          42   0.0000000000000000     
          10           1  -2.2544858770423329E-003
          10           2   3.0294263713622834E-003
          10           3   1.6954111333809115E-003
          10           4   7.6610658668371876E-004
          10           5   6.2275873497646926E-003
          10           6   0.0000000000000000     
          10           7   0.0000000000000000     
          10           8   0.0000000000000000     
          10           9  -2.7832653180632879E-010
          10          10   5.1666914116525414E-009
          10          11   0.0000000000000000     
          10          12   0.0000000000000000     
          10          13   0.0000000000000000     
          10          14  -4.8480969629592741E-009
          10          15  -1.7471683562382150E-010
          10          16  -1.4412051802341586E-013
          10          17   4.8300849125000797E-011
          10          18   6.4444728892571656E-010
          10          19   1.5843588170442309E-008
          10          20  -1.3234548113507544E-012
          10          21   0.0000000000000000     
          10          22  -6.6277512733780374E-009
          10          23  -6.8962832940407190E-009
          10          24  -7.6538307853530729E-004
          10          25   1.0990769712331808E-009
          10          26   0.0000000000000000     
          10          27   0.0000000000000000     
          10          28  -2.5416310116382681E-008
          10          29  -7.9751665069084803E-010
          10          30  -5.7402935042920573     
          10          31  -1.2311708923565758E-008
          10          32   0.0000000000000000     
          10          33  -2.9850180896812243E-008
          10          34  -2.5120658862072866E-012
          10          35  -2.5625079516549228E-012
          10          36  -9.3541123934438475E-009
          10          37  -1.7232954754952509E-009
          10          38  -1.0001000009355428E-006
          10          39  -2.1502169927408462E-010
          10          40  -1.9828839357469269E-003
          10          41  -1.4840635599620756E-010
          10          42   0.0000000000000000     
          11           1   0.0000000000000000     
          11           2   0.0000000000000000     
          11           3   0.0000000000000000     
          11           4   0.0000000000000000     
          11           5   0.0000000000000000     
          11           6   0.0000000000000000     
          11           7   0.0000000000000000     
          11           8   0.0000000000000000     
          11           9   0.0000000000000000     
          11          10   0.0000000000000000     
          11          11   0.0000000000000000     
          11          12   0.0000000000000000     
          11          13   0.0000000000000000     
          11          14   0.0000000000000000     
          11          15   0.0000000000000000     
          11          16   0.0000000000000000     
          11          17   0.0000000000000000     
          11          18   0.0000000000000000     
          11          19   0.0000000000000000     
          11          20   0.0000000000000000     
          11          21   0.0000000000000000     
          11          22   0.0000000000000000     
          11          23   0.0000000000000000     
          11          24   0.0000000000000000     
          11          25   0.0000000000000000     
          11          26   0.0000000000000000     
          11          27   0.0000000000000000     
          11          28   0.0000000000000000     
          11          29   0.0000000000000000     
          11          30   0.0000000000000000     
          11          31   0.0000000000000000     
          11          32   0.0000000000000000     
          11          33   0.0000000000000000     
          11          34   0.0000000000000000     
          11          35   0.0000000000000000     
          11          36   0.0000000000000000     
          11          37   0.0000000000000000     
          11          38   0.0000000000000000     
          11          39   0.0000000000000000     
          11          40   0.0000000000000000     
          11          41   0.0000000000000000     
          11          42   0.0000000000000000     
          12           1   0.0000000000000000     
          12           2   0.0000000000000000     
          12           3   0.0000000000000000     
          12           4   0.0000000000000000     
          12           5   0.0000000000000000     
          12           6   0.0000000000000000     
          12           7   0.0000000000000000     
          12           8   0.0000000000000000     
          12           9   0.0000000000000000     
          12          10   0.0000000000000000     
          12          11   0.0000000000000000     
          12          12   0.0000000000000000     
          12          13   0.0000000000000000     
          12          14   0.0000000000000000     
          12          15   0.0000000000000000     
          12          16   0.0000000000000000     
          12          17   0.0000000000000000     
          12          18   0.0000000000000000     
          12          19   0.0000000000000000     
          12          20   0.0000000000000000     
          12          21   0.0000000000000000     
          12          22   0.0000000000000000     
          12          23   0.0000000000000000     
          12          24   0.0000000000000000     
          12          25   0.0000000000000000     
          12          26   0.0000000000000000     
          12          27   0.0000000000000000     
          12          28   0.0000000000000000     
          12          29   0.0000000000000000     
          12          30   0.0000000000000000     
          12          31   0.0000000000000000     
          12          32   0.0000000000000000     
          12          33   0.0000000000000000     
          12          34   0.0000000000000000     
          12          35   0.0000000000000000     
          12          36   0.0000000000000000     
          12          37   0.0000000000000000     
          12          38   0.0000000000000000     
          12          39   0.0000000000000000     
          12          40   0.0000000000000000     
          12          41   0.0000000000000000     
          12          42   0.0000000000000000     
          13           1   0.0000000000000000     
          13           2   0.0000000000000000     
          13           3   0.0000000000000000     
          13           4   0.0000000000000000     
          13           5   0.0000000000000000     
          13           6   0.0000000000000000     
          13           7   0.0000000000000000     
          13           8   0.0000000000000000     
          13           9   0.0000000000000000     
          13          10   0.0000000000000000     
          13          11   0.0000000000000000     
          13          12   0.0000000000000000     
          13          13   0.0000000000000000     
          13          14   0.0000000000000000     
          13          15   0.0000000000000000     
          13          16   0.0000000000000000     
          13          17   0.0000000000000000     
          13          18   0.0000000000000000     
          13          19   0.0000000000000000     
          13          20   0.0000000000000000     
          13          21   0.0000000000000000     
          13          22   0.0000000000000000     
          13          23   0.0000000000000000     
          13          24   0.0000000000000000     
          13          25   0.0000000000000000     
          13          26   0.0000000000000000     
          13          27   0.0000000000000000     
          13          28   0.0000000000000000     
          13          29   0.0000000000000000     
          13          30   0.0000000000000000     
          13          31   0.0000000000000000     
          13          32   0.0000000000000000     
          13          33   0.0000000000000000     
          13          34   0.0000000000000000     
          13          35   0.0000000000000000     
          13          36   0.0000000000000000     
          13          37   0.0000000000000000     
          13          38   0.0000000000000000     
          13          39   0.0000000000000000     
          13          40   0.0000000000000000     
          13          41   0.0000000000000000     
          13          42   0.0000000000000000     
          14           1  -4.8299352536767572E-002
          14           2  -1.9199690735148982E-002
          14           3   5.2297036240582322E-004
          14           4  -2.8117381391119210E-003
          14           5  -1.3337545051506376E-003
          14           6   0.0000000000000000     
          14           7   0.0000000000000000     
          14           8   0.0000000000000000     
          14           9  -4.9045713966379498E-009
          14          10  -4.8480969629592741E-009
          14          11   0.0000000000000000     
          14          12   0.0000000000000000     
          14          13   0.0000000000000000     
          14          14   1.6361415817317880E-006
          14          15  -2.3365782707742222E-009
          14          16  -5.8633687245522157E-013
          14          17  -1.0072138566110790E-009
          14          18  -2.1008430436181895E-010
          14          19  -6.3427351502188555E-008
          14          20  -2.3519235604276189E-011
          14          21   0.0000000000000000     
          14          22  -1.1111196060334560E-007
          14          23  -1.1892217257213809E-007
          14          24  -1.2909348279277295E-002
          14          25  -1.1078419416338143E-007
          14          26   0.0000000000000000     
          14          27   0.0000000000000000     
          14          28  -4.5490233560916363E-007
          14          29  -1.4224358453292839E-008
          14          30  -102.02967631957102     
          14          31  -3.1736013040986842E-007
          14          32   0.0000000000000000     
          14          33  -6.5661364077214827E-007
          14          34  -4.4987609370450305E-011
          14          35  -4.4500292294486058E-011
          14          36  -1.7055948956003146E-007
          14          37   8.6317211721833683E-010
          14          38   1.3777419614723137E-007
          14          39  -3.7391357383334420E-009
          14          40  -2.7756485451706173E-002
          14          41  -2.6335644119060824E-009
          14          42   0.0000000000000000     
          15           1  -4.1526875514756121E-003
          15           2  -1.8572274435323852E-003
          15           3  -3.1448757461187855E-004
          15           4  -4.7208520105789176E-004
          15           5  -4.5485463246137681E-004
          15           6   0.0000000000000000     
          15           7   0.0000000000000000     
          15           8   0.0000000000000000     
          15           9  -1.6288622801617315E-010
          15          10  -1.7471683562382150E-010
          15          11   0.0000000000000000     
          15          12   0.0000000000000000     
          15          13   0.0000000000000000     
          15          14  -2.3365782707742218E-009
          15          15   2.0696767800830439E-009
          15          16  -1.3558218182690954E-013
          15          17  -2.0654242379630470E-010
          15          18  -1.0478189879404670E-010
          15          19  -1.2633590123057742E-008
          15          20  -8.4947602144505011E-013
          15          21   0.0000000000000000     
          15          22  -3.0236487582295422E-009
          15          23  -3.8486039206985046E-009
          15          24  -4.5883935544570862E-004
          15          25  -7.9963123556152118E-009
          15          26   0.0000000000000000     
          15          27   0.0000000000000000     
          15          28   7.9931507667208821E-008
          15          29   5.8255068813684153E-010
          15          30  -2.0883614244865965     
          15          31  -3.7732952899241850E-008
          15          32   0.0000000000000000     
          15          33  -3.3668102246881960E-008
          15          34   9.4999990353231702E-012
          15          35  -1.9382322381135176E-012
          15          36   4.6526467432298302E-008
          15          37  -3.2489533504077477E-010
          15          38  -1.3583365153279365E-007
          15          39  -1.7361989979228118E-010
          15          40  -1.6964744888583062E-003
          15          41  -8.4899758865166299E-011
          15          42   0.0000000000000000     
          16           1  -3.1927528081543049E-006
          16           2  -1.4712445285780968E-006
          16           3  -2.8603013571944299E-007
          16           4  -3.5878450961966240E-007
          16           5  -3.8515879062133254E-007
          16           6   0.0000000000000000     
          16           7   0.0000000000000000     
          16           8   0.0000000000000000     
          16           9  -6.3992190064709219E-015
          16          10  -1.4412051802341586E-013
          16          11   0.0000000000000000     
          16          12   0.0000000000000000     
          16          13   0.0000000000000000     
          16          14  -5.8633687245522168E-013
          16          15  -1.3558218182690954E-013
          16          16   1.2247145621807611E-015
          16          17  -1.5671453765031255E-013
          16          18  -8.0627086435604827E-014
          16          19  -9.7731253976508266E-012
          16          20  -6.7156652600768394E-016
          16          21   0.0000000000000000     
          16          22  -2.2502885823194636E-012
          16          23  -2.8872853999175017E-012
          16          24  -4.1513819549542477E-007
          16          25  -6.2498312031675829E-012
          16          26   0.0000000000000000     
          16          27   0.0000000000000000     
          16          28  -7.5029064476191114E-010
          16          29  -3.0262331230311024E-012
          16          30   4.1579727549470591E-003
          16          31  -2.4242572098162208E-011
          16          32   0.0000000000000000     
          16          33  -2.3529550916915140E-011
          16          34  -3.6633855570656391E-015
          16          35  -1.6063958758902597E-015
          16          36  -1.9867007216557121E-011
          16          37  -2.4989334187686326E-013
          16          38  -1.0457680624735754E-010
          16          39  -1.4669140017811768E-013
          16          40  -1.3031323982216813E-006
          16          41  -4.8054079294043515E-014
          16          42   0.0000000000000000     
          17           1  -5.6299129233597965E-003
          17           2  -7.0681881672955797E-003
          17           3  -3.1239105703645344E-004
          17           4  -3.2003976479973303E-004
          17           5  -1.1546378707131028E-003
          17           6   0.0000000000000000     
          17           7   0.0000000000000000     
          17           8   0.0000000000000000     
          17           9   7.7009465041266873E-011
          17          10   4.8300849125000816E-011
          17          11   0.0000000000000000     
          17          12   0.0000000000000000     
          17          13   0.0000000000000000     
          17          14  -1.0072138566110784E-009
          17          15  -2.0654242379630470E-010
          17          16  -1.5671453765031255E-013
          17          17   1.5291776854142670E-009
          17          18  -8.2628977243461046E-011
          17          19  -1.1958624471672853E-008
          17          20  -9.3164553033039066E-013
          17          21   0.0000000000000000     
          17          22  -1.2607630705326232E-008
          17          23  -8.2704695911398296E-008
          17          24   3.6191809158091170E-002
          17          25  -3.4597123853309777E-009
          17          26   0.0000000000000000     
          17          27   0.0000000000000000     
          17          28  -1.9972784833229831E-008
          17          29  -4.2147002738255670E-010
          17          30  -1.8407713114229056     
          17          31  -1.6624545257988169E-008
          17          32   0.0000000000000000     
          17          33  -9.3051763141573248E-009
          17          34  -1.3166621505813113E-012
          17          35   2.8605230141554341E-012
          17          36  -7.4008385913222023E-009
          17          37  -3.5423802799529472E-010
          17          38  -1.1480615546305932E-007
          17          39   1.8689051217788125E-008
          17          40  -3.0771365534122165E-003
          17          41  -1.6294232024926910E-011
          17          42   0.0000000000000000     
          18           1  -2.0275531515173096E-003
          18           2  -1.1677362626952017E-003
          18           3  -2.0192754094776300E-004
          18           4  -1.4112330465467884E-004
          18           5  -2.1628343557246550E-004
          18           6   0.0000000000000000     
          18           7   0.0000000000000000     
          18           8   0.0000000000000000     
          18           9   8.3333595933661675E-012
          18          10   6.4444728892571656E-010
          18          11   0.0000000000000000     
          18          12   0.0000000000000000     
          18          13   0.0000000000000000     
          18          14  -2.1008430436181872E-010
          18          15  -1.0478189879404670E-010
          18          16  -8.0627086435604827E-014
          18          17  -8.2628977243461046E-011
          18          18   7.4249926603857593E-010
          18          19  -7.2928043495388642E-009
          18          20  -5.1516117055423012E-013
          18          21   0.0000000000000000     
          18          22  -2.5348186116370020E-009
          18          23   5.6344440290963794E-009
          18          24   1.3159321232188944E-003
          18          25  -2.2607260957485521E-009
          18          26   0.0000000000000000     
          18          27   0.0000000000000000     
          18          28  -1.0814046225585777E-008
          18          29  -2.2675556152210978E-010
          18          30 -0.80777814194684661     
          18          31  -9.2085300771276825E-009
          18          32   0.0000000000000000     
          18          33  -6.8226343069863039E-009
          18          34  -6.6433379495159154E-013
          18          35   2.4183306542101662E-012
          18          36  -3.9038719146033769E-009
          18          37  -1.7907735144429349E-010
          18          38  -7.2408929717604967E-008
          18          39   7.6486607216683607E-009
          18          40  0.22458736593004608     
          18          41  -2.0827221329523273E-012
          18          42   0.0000000000000000     
          19           1 -0.24447080381551309     
          19           2 -0.13829700880710508     
          19           3  -3.5456610152386020E-002
          19           4  -2.6183424245148273E-002
          19           5  -2.5954207600501954E-002
          19           6   0.0000000000000000     
          19           7   0.0000000000000000     
          19           8   0.0000000000000000     
          19           9   2.0886213072580406E-009
          19          10   1.5843588170442313E-008
          19          11   0.0000000000000000     
          19          12   0.0000000000000000     
          19          13   0.0000000000000000     
          19          14  -6.3427351502188555E-008
          19          15  -1.2633590123057742E-008
          19          16  -9.7731253976508266E-012
          19          17  -1.1958624471672853E-008
          19          18  -7.2928043495388642E-009
          19          19   1.1610769108903139E-005
          19          20  -7.6054927906523615E-011
          19          21   0.0000000000000000     
          19          22  -6.5543324115981023E-007
          19          23   8.3465634779110026E-007
          19          24  0.64077689492808765     
          19          25  -2.4972069079807461E-007
          19          26   0.0000000000000000     
          19          27   0.0000000000000000     
          19          28  -1.6516365368081342E-006
          19          29  -3.4473248285070063E-008
          19          30  -130.46297208461746     
          19          31  -1.2818093001841617E-006
          19          32   0.0000000000000000     
          19          33  -8.8203619867446936E-007
          19          34  -9.9623470045799078E-011
          19          35   3.0690060182635646E-010
          19          36  -5.6587040866670172E-007
          19          37  -2.0244523263802135E-008
          19          38  -8.2439305218379604E-006
          19          39   2.2571368615334996E-006
          19          40   29.795847804885661     
          19          41  -8.0845551729558501E-010
          19          42   0.0000000000000000     
          20           1  -1.8765746360932463E-005
          20           2  -1.1824428775416620E-005
          20           3  -3.9120709545043536E-006
          20           4  -2.7411366982764125E-006
          20           5  -3.5576978550691156E-006
          20           6   0.0000000000000000     
          20           7   0.0000000000000000     
          20           8   0.0000000000000000     
          20           9  -1.3268195355328517E-012
          20          10  -1.3234548113507544E-012
          20          11   0.0000000000000000     
          20          12   0.0000000000000000     
          20          13   0.0000000000000000     
          20          14  -2.3519235604276189E-011
          20          15  -8.4947602144505042E-013
          20          16  -6.7156652600768384E-016
          20          17  -9.3164553033039045E-013
          20          18  -5.1516117055423012E-013
          20          19  -7.6054927906523602E-011
          20          20   1.3827901418888239E-013
          20          21   0.0000000000000000     
          20          22  -3.3401043717017872E-011
          20          23  -3.3194337691157475E-011
          20          24  -3.6137468650054950E-006
          20          25   2.0405021634099563E-011
          20          26   0.0000000000000000     
          20          27   0.0000000000000000     
          20          28  -1.4641339767310696E-010
          20          29  -3.9714451339745550E-012
          20          30  -2.8459165505755217E-002
          20          31  -1.2282820826557259E-010
          20          32   0.0000000000000000     
          20          33   1.5356871553601431E-010
          20          34  -1.2776172936492137E-014
          20          35  -1.2797725844697995E-014
          20          36  -5.7143251060447127E-011
          20          37  -1.2858440708828309E-012
          20          38  -5.7967678432864880E-010
          20          39  -1.0585197933571467E-012
          20          40  -1.2688038756600537E-005
          20          41  -7.2788770579618312E-013
          20          42   0.0000000000000000     
          21           1   0.0000000000000000     
          21           2   0.0000000000000000     
          21           3   0.0000000000000000     
          21           4   0.0000000000000000     
          21           5   0.0000000000000000     
          21           6   0.0000000000000000     
          21           7   0.0000000000000000     
          21           8   0.0000000000000000     
          21           9   0.0000000000000000     
          21          10   0.0000000000000000     
          21          11   0.0000000000000000     
          21          12   0.0000000000000000     
          21          13   0.0000000000000000     
          21          14   0.0000000000000000     
          21          15   0.0000000000000000     
          21          16   0.0000000000000000     
          21          17   0.0000000000000000     
          21          18   0.0000000000000000     
          21          19   0.0000000000000000     
          21          20   0.0000000000000000     
          21          21   0.0000000000000000     
          21          22   0.0000000000000000     
          21          23   0.0000000000000000     
          21          24   0.0000000000000000     
          21          25   0.0000000000000000     
          21          26   0.0000000000000000     
          21          27   0.0000000000000000     
          21          28   0.0000000000000000     
          21          29   0.0000000000000000     
          21          30   0.0000000000000000     
          21          31   0.0000000000000000     
          21          32   0.0000000000000000     
          21          33   0.0000000000000000     
          21          34   0.0000000000000000     
          21          35   0.0000000000000000     
          21          36   0.0000000000000000     
          21          37   0.0000000000000000     
          21          38   0.0000000000000000     
          21          39   0.0000000000000000     
          21          40   0.0000000000000000     
          21          41   0.0000000000000000     
          21          42   0.0000000000000000     
          22           1  -5.6674684194342899E-002
          22           2  -3.9216127842439157E-002
          22           3   6.4832534803831457E-002
          22           4   3.4391588815286950E-002
          22           5   3.8178061220980886E-002
          22           6   0.0000000000000000     
          22           7   0.0000000000000000     
          22           8   0.0000000000000000     
          22           9  -6.6357732010117688E-009
          22          10  -6.6277512733780374E-009
          22          11   0.0000000000000000     
          22          12   0.0000000000000000     
          22          13   0.0000000000000000     
          22          14  -1.1111196060334560E-007
          22          15  -3.0236487582295422E-009
          22          16  -2.2502885823194636E-012
          22          17  -1.2607630705326230E-008
          22          18  -2.5348186116370020E-009
          22          19  -6.5543324115981023E-007
          22          20  -3.3401043717017878E-011
          22          21   0.0000000000000000     
          22          22   6.5017401425151691E-007
          22          23  -7.4495622443769375E-008
          22          24  -1.5219168802935782E-002
          22          25   4.0851088234724234E-007
          22          26   0.0000000000000000     
          22          27   0.0000000000000000     
          22          28  -4.5801137927594601E-007
          22          29  -1.6480476960963612E-008
          22          30  -135.36445188409098     
          22          31  -3.0424513237151380E-007
          22          32   0.0000000000000000     
          22          33  -4.9278861541807128E-007
          22          34  -5.7746931546865349E-011
          22          35   7.8607529541237202E-011
          22          36  -2.0018795121391581E-007
          22          37  -6.7596156379146825E-009
          22          38  -2.9596574976004156E-006
          22          39  -2.6891260105311543E-008
          22          40  -1.8667286207603676E-002
          22          41  -3.6782662047907613E-009
          22          42   0.0000000000000000     
          23           1  -5.2619006820231337E-002
          23           2   3.2676267575344184E-002
          23           3   5.9033159555807922E-002
          23           4   5.3749361753675791E-002
          23           5   3.4995380446653741E-002
          23           6   0.0000000000000000     
          23           7   0.0000000000000000     
          23           8   0.0000000000000000     
          23           9  -6.9966990290623280E-009
          23          10  -6.8962832940407190E-009
          23          11   0.0000000000000000     
          23          12   0.0000000000000000     
          23          13   0.0000000000000000     
          23          14  -1.1892217257213812E-007
          23          15  -3.8486039206985046E-009
          23          16  -2.8872853999175017E-012
          23          17  -8.2704695911398296E-008
          23          18   5.6344440290963794E-009
          23          19   8.3465634779110026E-007
          23          20  -3.3194337691157475E-011
          23          21   0.0000000000000000     
          23          22  -7.4495622443769375E-008
          23          23   1.0065535571525305E-006
          23          24  -2.1976495068967376E-002
          23          25   4.3766556803287392E-007
          23          26   0.0000000000000000     
          23          27   0.0000000000000000     
          23          28  -5.4104723903363444E-007
          23          29  -1.7802526382626555E-008
          23          30  -140.15970981452597     
          23          31  -2.5832764575958007E-007
          23          32   0.0000000000000000     
          23          33  -1.8383735161491624E-006
          23          34  -4.0899250089405328E-011
          23          35   7.0356872751030476E-011
          23          36  -2.3999062444644471E-007
          23          37   1.2700823994808430E-008
          23          38   6.2135337662449642E-006
          23          39  -5.3717001463649403E-009
          23          40  -148.96891343398858     
          23          41  -4.0137020205368479E-009
          23          42   0.0000000000000000     
          24           1  -4173.0531039845318     
          24           2  -2733.9886630036981     
          24           3   5177.4110442639985     
          24           4   2803.5577610206842     
          24           5   3296.4064222994111     
          24           6   0.0000000000000000     
          24           7   0.0000000000000000     
          24           8   0.0000000000000000     
          24           9  -7.6526543397194735E-004
          24          10  -7.6538307853530729E-004
          24          11   0.0000000000000000     
          24          12   0.0000000000000000     
          24          13   0.0000000000000000     
          24          14  -1.2909348279277295E-002
          24          15  -4.5883935544570857E-004
          24          16  -4.1513819549542461E-007
          24          17   3.6191809158091164E-002
          24          18   1.3159321232188951E-003
          24          19  0.64077689492808776     
          24          20  -3.6137468650054958E-006
          24          21   0.0000000000000000     
          24          22  -1.5219168802935782E-002
          24          23  -2.1976495068967376E-002
          24          24   42135.221793397111     
          24          25   8.0333054600102913E-002
          24          26   0.0000000000000000     
          24          27   0.0000000000000000     
          24          28  -5.0932570582424577E-002
          24          29  -2.0549226393913496E-003
          24          30  -15692082.951182183     
          24          31  -3.0426453003901503E-002
          24          32   0.0000000000000000     
          24          33  -1.8182042073224158E-002
          24          34  -7.4619226561219360E-006
          24          35  -6.6871844067225670E-006
          24          36  -2.2978050694733673E-002
          24          37   1.0908901878048240E-003
          24          38  0.86577937009425121     
          24          39  -6.2986631508138013E-004
          24          40  -6574.1713476739851     
          24          41  -3.9497979727284388E-004
          24          42   0.0000000000000000     
          25           1  -3.1205017083782940E-002
          25           2  -7.8755501042018547E-002
          25           3  -1.3161413144821148E-002
          25           4  -1.9111636559161344E-002
          25           5  -2.1547159174850214E-002
          25           6   0.0000000000000000     
          25           7   0.0000000000000000     
          25           8   0.0000000000000000     
          25           9  -1.8124994370406024E-009
          25          10   1.0990769712331808E-009
          25          11   0.0000000000000000     
          25          12   0.0000000000000000     
          25          13   0.0000000000000000     
          25          14  -1.1078419416338139E-007
          25          15  -7.9963123556152134E-009
          25          16  -6.2498312031675837E-012
          25          17  -3.4597123853309777E-009
          25          18  -2.2607260957485529E-009
          25          19  -2.4972069079807466E-007
          25          20   2.0405021634099560E-011
          25          21   0.0000000000000000     
          25          22   4.0851088234724229E-007
          25          23   4.3766556803287392E-007
          25          24   8.0333054600102927E-002
          25          25   6.0844427400943258E-006
          25          26   0.0000000000000000     
          25          27   0.0000000000000000     
          25          28  -1.3555316904541653E-006
          25          29  -3.4617297272904305E-008
          25          30  -122.43813969986550     
          25          31  -1.2454418459679992E-006
          25          32   0.0000000000000000     
          25          33   1.3596624892783254E-006
          25          34   6.6758859262950188E-011
          25          35   2.5773971636859049E-010
          25          36  -2.2862388376193363E-007
          25          37  -7.8301959137294223E-009
          25          38  -3.1820843273382050E-006
          25          39   2.8594483053885188E-008
          25          40  0.29011994340223640     
          25          41  -2.8044696627923265E-009
          25          42   0.0000000000000000     
          26           1   0.0000000000000000     
          26           2   0.0000000000000000     
          26           3   0.0000000000000000     
          26           4   0.0000000000000000     
          26           5   0.0000000000000000     
          26           6   0.0000000000000000     
          26           7   0.0000000000000000     
          26           8   0.0000000000000000     
          26           9   0.0000000000000000     
          26          10   0.0000000000000000     
          26          11   0.0000000000000000     
          26          12   0.0000000000000000     
          26          13   0.0000000000000000     
          26          14   0.0000000000000000     
          26          15   0.0000000000000000     
          26          16   0.0000000000000000     
          26          17   0.0000000000000000     
          26          18   0.0000000000000000     
          26          19   0.0000000000000000     
          26          20   0.0000000000000000     
          26          21   0.0000000000000000     
          26          22   0.0000000000000000     
          26          23   0.0000000000000000     
          26          24   0.0000000000000000     
          26          25   0.0000000000000000     
          26          26   0.0000000000000000     
          26          27   0.0000000000000000     
          26          28   0.0000000000000000     
          26          29   0.0000000000000000     
          26          30   0.0000000000000000     
          26          31   0.0000000000000000     
          26          32   0.0000000000000000     
          26          33   0.0000000000000000     
          26          34   0.0000000000000000     
          26          35   0.0000000000000000     
          26          36   0.0000000000000000     
          26          37   0.0000000000000000     
          26          38   0.0000000000000000     
          26          39   0.0000000000000000     
          26          40   0.0000000000000000     
          26          41   0.0000000000000000     
          26          42   0.0000000000000000     
          27           1   0.0000000000000000     
          27           2   0.0000000000000000     
          27           3   0.0000000000000000     
          27           4   0.0000000000000000     
          27           5   0.0000000000000000     
          27           6   0.0000000000000000     
          27           7   0.0000000000000000     
          27           8   0.0000000000000000     
          27           9   0.0000000000000000     
          27          10   0.0000000000000000     
          27          11   0.0000000000000000     
          27          12   0.0000000000000000     
          27          13   0.0000000000000000     
          27          14   0.0000000000000000     
          27          15   0.0000000000000000     
          27          16   0.0000000000000000     
          27          17   0.0000000000000000     
          27          18   0.0000000000000000     
          27          19   0.0000000000000000     
          27          20   0.0000000000000000     
          27          21   0.0000000000000000     
          27          22   0.0000000000000000     
          27          23   0.0000000000000000     
          27          24   0.0000000000000000     
          27          25   0.0000000000000000     
          27          26   0.0000000000000000     
          27          27   0.0000000000000000     
          27          28   0.0000000000000000     
          27          29   0.0000000000000000     
          27          30   0.0000000000000000     
          27          31   0.0000000000000000     
          27          32   0.0000000000000000     
          27          33   0.0000000000000000     
          27          34   0.0000000000000000     
          27          35   0.0000000000000000     
          27          36   0.0000000000000000     
          27          37   0.0000000000000000     
          27          38   0.0000000000000000     
          27          39   0.0000000000000000     
          27          40   0.0000000000000000     
          27          41   0.0000000000000000     
          27          42   0.0000000000000000     
          28           1 -0.42675559272044622     
          28           2  -8.4835240940077328E-002
          28           3  -7.0353789845676154E-002
          28           4   8.4975861007200431E-003
          28           5   2.9621995182113066E-002
          28           6   0.0000000000000000     
          28           7   0.0000000000000000     
          28           8   0.0000000000000000     
          28           9  -2.5259588192966149E-008
          28          10  -2.5416310116382681E-008
          28          11   0.0000000000000000     
          28          12   0.0000000000000000     
          28          13   0.0000000000000000     
          28          14  -4.5490233560916363E-007
          28          15   7.9931507667208781E-008
          28          16  -7.5029064476191103E-010
          28          17  -1.9972784833229831E-008
          28          18  -1.0814046225585778E-008
          28          19  -1.6516365368081342E-006
          28          20  -1.4641339767310691E-010
          28          21   0.0000000000000000     
          28          22  -4.5801137927594611E-007
          28          23  -5.4104723903363444E-007
          28          24  -5.0932570582424577E-002
          28          25  -1.3555316904541653E-006
          28          26   0.0000000000000000     
          28          27   0.0000000000000000     
          28          28   5.3130033981496166E-005
          28          29  -9.7913863744483044E-008
          28          30  -537.19882675590020     
          28          31  -2.3595182723357103E-006
          28          32   0.0000000000000000     
          28          33  -3.4858869289841426E-006
          28          34  -2.7283650942458346E-010
          28          35  -1.0939138385128880E-010
          28          36  -1.1039543646827621E-006
          28          37  -2.6470451256593011E-008
          28          38  -1.2635533304705818E-005
          28          39  -8.5635876989659009E-009
          28          40  0.15002043392207817     
          28          41  -1.2504868604453793E-008
          28          42   0.0000000000000000     
          29           1  -1.0148804557669778E-002
          29           2  -2.9447239492363417E-003
          29           3  -6.6005024953973764E-004
          29           4  -5.3614782182364999E-004
          29           5  -6.2352948628115908E-005
          29           6   0.0000000000000000     
          29           7   0.0000000000000000     
          29           8   0.0000000000000000     
          29           9  -8.0776683318024531E-010
          29          10  -7.9751665069084803E-010
          29          11   0.0000000000000000     
          29          12   0.0000000000000000     
          29          13   0.0000000000000000     
          29          14  -1.4224358453292842E-008
          29          15   5.8255068813684173E-010
          29          16  -3.0262331230311037E-012
          29          17  -4.2147002738255681E-010
          29          18  -2.2675556152210975E-010
          29          19  -3.4473248285070063E-008
          29          20  -3.9714451339745550E-012
          29          21   0.0000000000000000     
          29          22  -1.6480476960963612E-008
          29          23  -1.7802526382626555E-008
          29          24  -2.0549226393913492E-003
          29          25  -3.4617297272904305E-008
          29          26   0.0000000000000000     
          29          27   0.0000000000000000     
          29          28  -9.7913863744483044E-008
          29          29   4.5757828767602171E-008
          29          30  -16.762577993469836     
          29          31  -6.7307781966515040E-008
          29          32   0.0000000000000000     
          29          33  -1.1826006019261934E-007
          29          34  -8.2977218426714413E-012
          29          35  -4.5916342619439964E-012
          29          36  -2.9125639658572474E-008
          29          37  -5.3670882459078118E-010
          29          38  -2.5276063256876670E-007
          29          39  -4.4267116313447099E-010
          29          40   7.3153681471959464E-003
          29          41  -4.0475111204602644E-010
          29          42   0.0000000000000000     
          30           1  -59769163.942669794     
          30           2  -33779354.527743988     
          30           3  -7348264.3476153836     
          30           4  -5275254.1026808051     
          30           5  -6874230.7304809624     
          30           6   0.0000000000000000     
          30           7   0.0000000000000000     
          30           8   0.0000000000000000     
          30           9  -5.8284712544996538     
          30          10  -5.7402935042920573     
          30          11   0.0000000000000000     
          30          12   0.0000000000000000     
          30          13   0.0000000000000000     
          30          14  -102.02967631957102     
          30          15  -2.0883614244865965     
          30          16   4.1579727549470600E-003
          30          17  -1.8407713114229063     
          30          18 -0.80777814194684761     
          30          19  -130.46297208461752     
          30          20  -2.8459165505755217E-002
          30          21   0.0000000000000000     
          30          22  -135.36445188409101     
          30          23  -140.15970981452597     
          30          24  -15692082.951182187     
          30          25  -122.43813969986550     
          30          26   0.0000000000000000     
          30          27   0.0000000000000000     
          30          28  -537.19882675590020     
          30          29  -16.762577993469833     
          30          30   2329194430407.4863     
          30          31  -400.27826132236225     
          30          32   0.0000000000000000     
          30          33  -745.06432307982038     
          30          34  -5.4278584080009580E-002
          30          35  -5.2894039926880146E-002
          30          36  -205.13097261452597     
          30          37  -1.8737892566506829     
          30          38  -950.43195899398813     
          30          39  -4.5046000487460125     
          30          40  -35633383.284042053     
          30          41  -3.1174702355782506     
          30          42   0.0000000000000000     
          31           1 -0.31579453535961405     
          31           2 -0.22555395603539571     
          31           3  -6.7864184309368566E-002
          31           4  -5.1890324469869784E-002
          31           5  -6.4002600245315094E-002
          31           6   0.0000000000000000     
          31           7   0.0000000000000000     
          31           8   0.0000000000000000     
          31           9  -1.4033480147380553E-008
          31          10  -1.2311708923565758E-008
          31          11   0.0000000000000000     
          31          12   0.0000000000000000     
          31          13   0.0000000000000000     
          31          14  -3.1736013040986836E-007
          31          15  -3.7732952899241844E-008
          31          16  -2.4242572098162212E-011
          31          17  -1.6624545257988172E-008
          31          18  -9.2085300771276825E-009
          31          19  -1.2818093001841615E-006
          31          20  -1.2282820826557259E-010
          31          21   0.0000000000000000     
          31          22  -3.0424513237151380E-007
          31          23  -2.5832764575958007E-007
          31          24  -3.0426453003901510E-002
          31          25  -1.2454418459679992E-006
          31          26   0.0000000000000000     
          31          27   0.0000000000000000     
          31          28  -2.3595182723357103E-006
          31          29  -6.7307781966515040E-008
          31          30  -400.27826132236231     
          31          31   3.2868504412592909E-005
          31          32   0.0000000000000000     
          31          33  -2.3171507572232783E-006
          31          34  -1.9192375442210458E-010
          31          35  -7.0151302473209401E-011
          31          36  -9.9800304080682623E-007
          31          37  -2.7310780504571920E-008
          31          38  -1.1889039627074103E-005
          31          39  -5.3668288137511872E-009
          31          40   1.8097408704449675E-002
          31          41  -9.2347923550632689E-009
          31          42   0.0000000000000000     
          32           1   0.0000000000000000     
          32           2   0.0000000000000000     
          32           3   0.0000000000000000     
          32           4   0.0000000000000000     
          32           5   0.0000000000000000     
          32           6   0.0000000000000000     
          32           7   0.0000000000000000     
          32           8   0.0000000000000000     
          32           9   0.0000000000000000     
          32          10   0.0000000000000000     
          32          11   0.0000000000000000     
          32          12   0.0000000000000000     
          32          13   0.0000000000000000     
          32          14   0.0000000000000000     
          32          15   0.0000000000000000     
          32          16   0.0000000000000000     
          32          17   0.0000000000000000     
          32          18   0.0000000000000000     
          32          19   0.0000000000000000     
          32          20   0.0000000000000000     
          32          21   0.0000000000000000     
          32          22   0.0000000000000000     
          32          23   0.0000000000000000     
          32          24   0.0000000000000000     
          32          25   0.0000000000000000     
          32          26   0.0000000000000000     
          32          27   0.0000000000000000     
          32          28   0.0000000000000000     
          32          29   0.0000000000000000     
          32          30   0.0000000000000000     
          32          31   0.0000000000000000     
          32          32   0.0000000000000000     
          32          33   0.0000000000000000     
          32          34   0.0000000000000000     
          32          35   0.0000000000000000     
          32          36   0.0000000000000000     
          32          37   0.0000000000000000     
          32          38   0.0000000000000000     
          32          39   0.0000000000000000     
          32          40   0.0000000000000000     
          32          41   0.0000000000000000     
          32          42   0.0000000000000000     
          33           1  -9.7615894645734953E-003
          33           2  -9.9413804071076223E-002
          33           3  -5.9899451797189543E-002
          33           4  -2.2321807457734433E-002
          33           5  -5.1711391697687591E-002
          33           6   0.0000000000000000     
          33           7   0.0000000000000000     
          33           8   0.0000000000000000     
          33           9  -3.3596012828712593E-008
          33          10  -2.9850180896812250E-008
          33          11   0.0000000000000000     
          33          12   0.0000000000000000     
          33          13   0.0000000000000000     
          33          14  -6.5661364077214827E-007
          33          15  -3.3668102246881960E-008
          33          16  -2.3529550916915140E-011
          33          17  -9.3051763141573231E-009
          33          18  -6.8226343069863048E-009
          33          19  -8.8203619867446904E-007
          33          20   1.5356871553601436E-010
          33          21   0.0000000000000000     
          33          22  -4.9278861541807128E-007
          33          23  -1.8383735161491622E-006
          33          24  -1.8182042073224172E-002
          33          25   1.3596624892783254E-006
          33          26   0.0000000000000000     
          33          27   0.0000000000000000     
          33          28  -3.4858869289841426E-006
          33          29  -1.1826006019261934E-007
          33          30  -745.06432307982027     
          33          31  -2.3171507572232783E-006
          33          32   0.0000000000000000     
          33          33   6.6294005575269886E-005
          33          34  -3.9723285876440765E-010
          33          35  -8.8540343901166194E-010
          33          36  -2.3156407707326743E-007
          33          37  -1.8311190929292388E-008
          33          38  -7.5728933416832806E-006
          33          39  -1.0906477930230419E-006
          33          40 -0.42066392109994205     
          33          41  -1.6548355934798525E-008
          33          42   0.0000000000000000     
          34           1  -2.8593925873567283E-005
          34           2  -1.8852142880074663E-005
          34           3  -6.0597373170286860E-006
          34           4  -2.7602472932060401E-006
          34           5  -4.9237409631382811E-006
          34           6   0.0000000000000000     
          34           7   0.0000000000000000     
          34           8   0.0000000000000000     
          34           9  -2.6079209373448505E-012
          34          10  -2.5120658862072866E-012
          34          11   0.0000000000000000     
          34          12   0.0000000000000000     
          34          13   0.0000000000000000     
          34          14  -4.4987609370450305E-011
          34          15   9.4999990353231718E-012
          34          16  -3.6633855570656384E-015
          34          17  -1.3166621505813117E-012
          34          18  -6.6433379495159164E-013
          34          19  -9.9623470045799078E-011
          34          20  -1.2776172936492140E-014
          34          21   0.0000000000000000     
          34          22  -5.7746931546865349E-011
          34          23  -4.0899250089405321E-011
          34          24  -7.4619226561219360E-006
          34          25   6.6758859262950188E-011
          34          26   0.0000000000000000     
          34          27   0.0000000000000000     
          34          28  -2.7283650942458346E-010
          34          29  -8.2977218426714413E-012
          34          30  -5.4278584080009580E-002
          34          31  -1.9192375442210458E-010
          34          32   0.0000000000000000     
          34          33  -3.9723285876440765E-010
          34          34   4.6421570596840595E-013
          34          35  -1.5223158863885502E-014
          34          36  -9.0860737666934379E-011
          34          37  -1.7277662257440989E-012
          34          38  -8.1273458403188353E-010
          34          39  -1.7631078747453765E-012
          34          40   1.6075556261247982E-005
          34          41  -1.2939246083772834E-012
          34          42   0.0000000000000000     
          35           1  -2.1414740792988142E-005
          35           2  -1.3086675732010192E-005
          35           3   2.1806587956507905E-006
          35           4   3.1151464139621915E-006
          35           5   2.2527569368452901E-006
          35           6   0.0000000000000000     
          35           7   0.0000000000000000     
          35           8   0.0000000000000000     
          35           9  -2.5417577645807698E-012
          35          10  -2.5625079516549224E-012
          35          11   0.0000000000000000     
          35          12   0.0000000000000000     
          35          13   0.0000000000000000     
          35          14  -4.4500292294486058E-011
          35          15  -1.9382322381135176E-012
          35          16  -1.6063958758902595E-015
          35          17   2.8605230141554333E-012
          35          18   2.4183306542101662E-012
          35          19   3.0690060182635640E-010
          35          20  -1.2797725844697995E-014
          35          21   0.0000000000000000     
          35          22   7.8607529541237266E-011
          35          23   7.0356872751030514E-011
          35          24  -6.6871844067225670E-006
          35          25   2.5773971636859049E-010
          35          26   0.0000000000000000     
          35          27   0.0000000000000000     
          35          28  -1.0939138385128888E-010
          35          29  -4.5916342619439964E-012
          35          30  -5.2894039926880146E-002
          35          31  -7.0151302473209388E-011
          35          32   0.0000000000000000     
          35          33  -8.8540343901166184E-010
          35          34  -1.5223158863885499E-014
          35          35   4.3378139962887499E-013
          35          36  -9.1099997356829902E-011
          35          37   6.9175328578066644E-012
          35          38   2.7335474039699408E-009
          35          39  -2.3014948788347719E-012
          35          40  -2.4011317040624667E-005
          35          41  -1.4693365351004384E-012
          35          42   0.0000000000000000     
          36           1 -0.13865692604703295     
          36           2  -9.8269442416449540E-002
          36           3  -3.1295065097322911E-002
          36           4  -2.0866153175106525E-002
          36           5  -2.7987822467818842E-002
          36           6   0.0000000000000000     
          36           7   0.0000000000000000     
          36           8   0.0000000000000000     
          36           9  -9.3565158414845224E-009
          36          10  -9.3541123934438475E-009
          36          11   0.0000000000000000     
          36          12   0.0000000000000000     
          36          13   0.0000000000000000     
          36          14  -1.7055948956003146E-007
          36          15   4.6526467432298295E-008
          36          16  -1.9867007216557121E-011
          36          17  -7.4008385913221998E-009
          36          18  -3.9038719146033769E-009
          36          19  -5.6587040866670172E-007
          36          20  -5.7143251060447127E-011
          36          21   0.0000000000000000     
          36          22  -2.0018795121391595E-007
          36          23  -2.3999062444644471E-007
          36          24  -2.2978050694733673E-002
          36          25  -2.2862388376193363E-007
          36          26   0.0000000000000000     
          36          27   0.0000000000000000     
          36          28  -1.1039543646827619E-006
          36          29  -2.9125639658572474E-008
          36          30  -205.13097261452597     
          36          31  -9.9800304080682623E-007
          36          32   0.0000000000000000     
          36          33  -2.3156407707326733E-007
          36          34  -9.0860737666934379E-011
          36          35  -9.1099997356829902E-011
          36          36   7.3742689685172533E-006
          36          37  -1.1038987885234083E-008
          36          38  -5.0144119700654297E-006
          36          39  -7.2462008959161956E-009
          36          40  -9.3995941536288319E-002
          36          41  -5.2768396816872908E-009
          36          42   0.0000000000000000     
          37           1  -6.5410913658500705E-003
          37           2  -3.7600365355658270E-003
          37           3  -2.7805467863171188E-004
          37           4  -2.8176169361717411E-004
          37           5  -7.2650461718489141E-004
          37           6   0.0000000000000000     
          37           7   0.0000000000000000     
          37           8   0.0000000000000000     
          37           9   1.6095903737288893E-011
          37          10  -1.7232954754952513E-009
          37          11   0.0000000000000000     
          37          12   0.0000000000000000     
          37          13   0.0000000000000000     
          37          14   8.6317211721833497E-010
          37          15  -3.2489533504077477E-010
          37          16  -2.4989334187686326E-013
          37          17  -3.5423802799529472E-010
          37          18  -1.7907735144429349E-010
          37          19  -2.0244523263802135E-008
          37          20  -1.2858440708828309E-012
          37          21   0.0000000000000000     
          37          22  -6.7596156379146825E-009
          37          23   1.2700823994808430E-008
          37          24   1.0908901878048240E-003
          37          25  -7.8301959137294223E-009
          37          26   0.0000000000000000     
          37          27   0.0000000000000000     
          37          28  -2.6470451256593011E-008
          37          29  -5.3670882459078118E-010
          37          30  -1.8737892566506826     
          37          31  -2.7310780504571920E-008
          37          32   0.0000000000000000     
          37          33  -1.8311190929292388E-008
          37          34  -1.7277662257440981E-012
          37          35   6.9175328578066644E-012
          37          36  -1.1038987885234085E-008
          37          37   7.4863915669919358E-009
          37          38  -2.4281965675829896E-007
          37          39   1.4076609531379931E-008
          37          40  0.58717689367270653     
          37          41   7.9631347612392351E-012
          37          42   0.0000000000000000     
          38           1  -2.6703335913646398     
          38           2  -1.5389977559398234     
          38           3 -0.10235212385261504     
          38           4 -0.18963223058851356     
          38           5 -0.27990964923104494     
          38           6   0.0000000000000000     
          38           7   0.0000000000000000     
          38           8   0.0000000000000000     
          38           9   1.6823130623207932E-008
          38          10  -1.0001000009355426E-006
          38          11   0.0000000000000000     
          38          12   0.0000000000000000     
          38          13   0.0000000000000000     
          38          14   1.3777419614723137E-007
          38          15  -1.3583365153279365E-007
          38          16  -1.0457680624735754E-010
          38          17  -1.1480615546305934E-007
          38          18  -7.2408929717604967E-008
          38          19  -8.2439305218379604E-006
          38          20  -5.7967678432864880E-010
          38          21   0.0000000000000000     
          38          22  -2.9596574976004156E-006
          38          23   6.2135337662449625E-006
          38          24  0.86577937009425121     
          38          25  -3.1820843273382050E-006
          38          26   0.0000000000000000     
          38          27   0.0000000000000000     
          38          28  -1.2635533304705818E-005
          38          29  -2.5276063256876670E-007
          38          30  -950.43195899398847     
          38          31  -1.1889039627074103E-005
          38          32   0.0000000000000000     
          38          33  -7.5728933416832789E-006
          38          34  -8.1273458403188394E-010
          38          35   2.7335474039699404E-009
          38          36  -5.0144119700654297E-006
          38          37  -2.4281965675829896E-007
          38          38   1.2657776099722180E-003
          38          39   8.1004744312613790E-006
          38          40   225.36715411902841     
          38          41   1.5728081623078412E-010
          38          42   0.0000000000000000     
          39           1  -1.4642870474921188E-003
          39           2  -8.9087251449595497E-004
          39           3   1.3157544747590048E-003
          39           4   7.2169372385190260E-004
          39           5   8.6867081759789693E-004
          39           6   0.0000000000000000     
          39           7   0.0000000000000000     
          39           8   0.0000000000000000     
          39           9  -2.1940720392579930E-010
          39          10  -2.1502169927408467E-010
          39          11   0.0000000000000000     
          39          12   0.0000000000000000     
          39          13   0.0000000000000000     
          39          14  -3.7391357383334428E-009
          39          15  -1.7361989979228118E-010
          39          16  -1.4669140017811768E-013
          39          17   1.8689051217788121E-008
          39          18   7.6486607216683623E-009
          39          19   2.2571368615334996E-006
          39          20  -1.0585197933571467E-012
          39          21   0.0000000000000000     
          39          22  -2.6891260105311549E-008
          39          23  -5.3717001463649403E-009
          39          24  -6.2986631508138013E-004
          39          25   2.8594483053885188E-008
          39          26   0.0000000000000000     
          39          27   0.0000000000000000     
          39          28  -8.5635876989659009E-009
          39          29  -4.4267116313447110E-010
          39          30  -4.5046000487460125     
          39          31  -5.3668288137511872E-009
          39          32   0.0000000000000000     
          39          33  -1.0906477930230421E-006
          39          34  -1.7631078747453763E-012
          39          35  -2.3014948788347723E-012
          39          36  -7.2462008959161915E-009
          39          37   1.4076609531379928E-008
          39          38   8.1004744312613790E-006
          39          39   3.1316858873452383E-009
          39          40  -2.1225612024877304E-003
          39          41  -1.2086290057762687E-010
          39          42   0.0000000000000000     
          40           1  -24812.916602081354     
          40           2  -13098.794313452097     
          40           3   7322.8413835381616     
          40           4   4195.4729316220846     
          40           5   5475.5762420149385     
          40           6   0.0000000000000000     
          40           7   0.0000000000000000     
          40           8   0.0000000000000000     
          40           9  -1.9211750612343464E-003
          40          10  -1.9828839357469269E-003
          40          11   0.0000000000000000     
          40          12   0.0000000000000000     
          40          13   0.0000000000000000     
          40          14  -2.7756485451706173E-002
          40          15  -1.6964744888583062E-003
          40          16  -1.3031323982216813E-006
          40          17  -3.0771365534122165E-003
          40          18  0.22458736593004600     
          40          19   29.795847804885661     
          40          20  -1.2688038756600537E-005
          40          21   0.0000000000000000     
          40          22  -1.8667286207603676E-002
          40          23  -148.96891343398858     
          40          24  -6574.1713476739860     
          40          25  0.29011994340223640     
          40          26   0.0000000000000000     
          40          27   0.0000000000000000     
          40          28  0.15002043392207817     
          40          29   7.3153681471959464E-003
          40          30  -35633383.284042053     
          40          31   1.8097408704449650E-002
          40          32   0.0000000000000000     
          40          33 -0.42066392109994205     
          40          34   1.6075556261247979E-005
          40          35  -2.4011317040624667E-005
          40          36  -9.3995941536288319E-002
          40          37  0.58717689367270676     
          40          38   225.36715411902838     
          40          39  -2.1225612024877308E-003
          40          40   308573.77677020180     
          40          41  -1.1231781130342431E-003
          40          42   0.0000000000000000     
          41           1  -1.4439647075494468E-003
          41           2  -7.4414603565180237E-004
          41           3  -7.1069310767949635E-006
          41           4  -1.0346884834847620E-004
          41           5  -8.4429614492975819E-005
          41           6   0.0000000000000000     
          41           7   0.0000000000000000     
          41           8   0.0000000000000000     
          41           9  -1.4970340862253226E-010
          41          10  -1.4840635599620756E-010
          41          11   0.0000000000000000     
          41          12   0.0000000000000000     
          41          13   0.0000000000000000     
          41          14  -2.6335644119060824E-009
          41          15  -8.4899758865166286E-011
          41          16  -4.8054079294043490E-014
          41          17  -1.6294232024926897E-011
          41          18  -2.0827221329523256E-012
          41          19  -8.0845551729558512E-010
          41          20  -7.2788770579618322E-013
          41          21   0.0000000000000000     
          41          22  -3.6782662047907613E-009
          41          23  -4.0137020205368471E-009
          41          24  -3.9497979727284388E-004
          41          25  -2.8044696627923248E-009
          41          26   0.0000000000000000     
          41          27   0.0000000000000000     
          41          28  -1.2504868604453798E-008
          41          29  -4.0475111204602644E-010
          41          30  -3.1174702355782506     
          41          31  -9.2347923550632689E-009
          41          32   0.0000000000000000     
          41          33  -1.6548355934798515E-008
          41          34  -1.2939246083772834E-012
          41          35  -1.4693365351004384E-012
          41          36  -5.2768396816872908E-009
          41          37   7.9631347612392400E-012
          41          38   1.5728081623080092E-010
          41          39  -1.2086290057762687E-010
          41          40  -1.1231781130342431E-003
          41          41   1.5266649991694026E-009
          41          42   0.0000000000000000     
          42           1   0.0000000000000000     
          42           2   0.0000000000000000     
          42           3   0.0000000000000000     
          42           4   0.0000000000000000     
          42           5   0.0000000000000000     
          42           6   0.0000000000000000     
          42           7   0.0000000000000000     
          42           8   0.0000000000000000     
          42           9   0.0000000000000000     
          42          10   0.0000000000000000     
          42          11   0.0000000000000000     
          42          12   0.0000000000000000     
          42          13   0.0000000000000000     
          42          14   0.0000000000000000     
          42          15   0.0000000000000000     
          42          16   0.0000000000000000     
          42          17   0.0000000000000000     
          42          18   0.0000000000000000     
          42          19   0.0000000000000000     
          42          20   0.0000000000000000     
          42          21   0.0000000000000000     
          42          22   0.0000000000000000     
          42          23   0.0000000000000000     
          42          24   0.0000000000000000     
          42          25   0.0000000000000000     
          42          26   0.0000000000000000     
          42          27   0.0000000000000000     
          42          28   0.0000000000000000     
          42          29   0.0000000000000000     
          42          30   0.0000000000000000     
          42          31   0.0000000000000000     
          42          32   0.0000000000000000     
          42          33   0.0000000000000000     
          42          34   0.0000000000000000     
          42          35   0.0000000000000000     
          42          36   0.0000000000000000     
          42          37   0.0000000000000000     
          42          38   0.0000000000000000     
          42          39   0.0000000000000000     
          42          40   0.0000000000000000     
          42          41   0.0000000000000000     
          42          42   0.0000000000000000     
