C_Z_UPU250_RED_X_201311151402_1.res C:\MEXRF\results\C_Z_UPU250_RED_X_201311151402_1 No 01-01-65 12:00
2047 1000 1270.86 1.414 22 0.7 239.63 0 0 0 
 0 0
 1 0
 2 0
 3 0
 4 0
 5 0
 6 1
 7 0
 8 0
 9 0
 10 0
 11 0
 12 0
 13 0
 14 0
 15 0
 16 0
 17 0
 18 0
 19 0
 20 0
 21 0
 22 0
 23 0
 24 1491
 25 3575
 26 3418
 27 3338
 28 3292
 29 3179
 30 3117
 31 3114
 32 3010
 33 2923
 34 3109
 35 2967
 36 2925
 37 2847
 38 2799
 39 2771
 40 2683
 41 2730
 42 2688
 43 2688
 44 2547
 45 2588
 46 2617
 47 2585
 48 2434
 49 2473
 50 2336
 51 2446
 52 2412
 53 2354
 54 2297
 55 2311
 56 2310
 57 2342
 58 2267
 59 2295
 60 2186
 61 2227
 62 2129
 63 2156
 64 2174
 65 2233
 66 2196
 67 2093
 68 2046
 69 2060
 70 2087
 71 2106
 72 2109
 73 1997
 74 2104
 75 2121
 76 2155
 77 2155
 78 2326
 79 2707
 80 3130
 81 3828
 82 4445
 83 4742
 84 4449
 85 3883
 86 3175
 87 2740
 88 2818
 89 3101
 90 3919
 91 4311
 92 4612
 93 4341
 94 3884
 95 3444
 96 2936
 97 2949
 98 2571
 99 2327
 100 1990
 101 1961
 102 1834
 103 1865
 104 1969
 105 2005
 106 2132
 107 2141
 108 2117
 109 2172
 110 2235
 111 2224
 112 2348
 113 2313
 114 2271
 115 2167
 116 2077
 117 1902
 118 1797
 119 1793
 120 1714
 121 1797
 122 1691
 123 1710
 124 1638
 125 1704
 126 1817
 127 1885
 128 2003
 129 2166
 130 2284
 131 2299
 132 2262
 133 2157
 134 2091
 135 1958
 136 1901
 137 1789
 138 1837
 139 1717
 140 1658
 141 1719
 142 1693
 143 1716
 144 1692
 145 1768
 146 1766
 147 1804
 148 1812
 149 1971
 150 1936
 151 1893
 152 1903
 153 1940
 154 1880
 155 1898
 156 1908
 157 1944
 158 2063
 159 2017
 160 2048
 161 2123
 162 2185
 163 2243
 164 2372
 165 2375
 166 2239
 167 2205
 168 2143
 169 2092
 170 1930
 171 1968
 172 1995
 173 1928
 174 1951
 175 1992
 176 2019
 177 2002
 178 2049
 179 2038
 180 2046
 181 2090
 182 1960
 183 2128
 184 2131
 185 2038
 186 2083
 187 2108
 188 2136
 189 2124
 190 2081
 191 2181
 192 2116
 193 2134
 194 2071
 195 2178
 196 2104
 197 2270
 198 2306
 199 2364
 200 2258
 201 2276
 202 2348
 203 2290
 204 2296
 205 2327
 206 2184
 207 2307
 208 2218
 209 2191
 210 2188
 211 2246
 212 2226
 213 2272
 214 2326
 215 2309
 216 2343
 217 2294
 218 2337
 219 2338
 220 2304
 221 2269
 222 2331
 223 2302
 224 2357
 225 2346
 226 2341
 227 2368
 228 2359
 229 2385
 230 2499
 231 2465
 232 2474
 233 2446
 234 2552
 235 2454
 236 2512
 237 2495
 238 2468
 239 2432
 240 2430
 241 2362
 242 2493
 243 2438
 244 2486
 245 2521
 246 2587
 247 2571
 248 2540
 249 2567
 250 2467
 251 2555
 252 2623
 253 2503
 254 2575
 255 2557
 256 2583
 257 2635
 258 2647
 259 2738
 260 2658
 261 2655
 262 2561
 263 2632
 264 2693
 265 2670
 266 2686
 267 2657
 268 2663
 269 2683
 270 2708
 271 2820
 272 2883
 273 2869
 274 2790
 275 2907
 276 2955
 277 2976
 278 2953
 279 3170
 280 3068
 281 3133
 282 3153
 283 3042
 284 3344
 285 3300
 286 3299
 287 3488
 288 3629
 289 3991
 290 4470
 291 5300
 292 6220
 293 7071
 294 7677
 295 7670
 296 7062
 297 6076
 298 4997
 299 3815
 300 3205
 301 2959
 302 2795
 303 2961
 304 2823
 305 2910
 306 2880
 307 2883
 308 2858
 309 2887
 310 2908
 311 2870
 312 2961
 313 2947
 314 2938
 315 2915
 316 2961
 317 2904
 318 3055
 319 2997
 320 2864
 321 3011
 322 2962
 323 2915
 324 2953
 325 2981
 326 3088
 327 3275
 328 3427
 329 3950
 330 4310
 331 4859
 332 4774
 333 4593
 334 4117
 335 3898
 336 3252
 337 3114
 338 3012
 339 2953
 340 2933
 341 2740
 342 2633
 343 2485
 344 2450
 345 2440
 346 2414
 347 2285
 348 2302
 349 2333
 350 2259
 351 2300
 352 2251
 353 2246
 354 2182
 355 2176
 356 2170
 357 2049
 358 2115
 359 2020
 360 2065
 361 1937
 362 1968
 363 1924
 364 1917
 365 1882
 366 1798
 367 1807
 368 1783
 369 1771
 370 1765
 371 1696
 372 1695
 373 1645
 374 1630
 375 1547
 376 1603
 377 1563
 378 1595
 379 1469
 380 1490
 381 1449
 382 1485
 383 1470
 384 1492
 385 1446
 386 1361
 387 1456
 388 1357
 389 1432
 390 1348
 391 1301
 392 1270
 393 1280
 394 1332
 395 1257
 396 1253
 397 1295
 398 1315
 399 1288
 400 1200
 401 1234
 402 1173
 403 1209
 404 1244
 405 1204
 406 1182
 407 1179
 408 1101
 409 1125
 410 1139
 411 1114
 412 1180
 413 1155
 414 1191
 415 1169
 416 1079
 417 1186
 418 1157
 419 1155
 420 1132
 421 1126
 422 1078
 423 1066
 424 1148
 425 1191
 426 1204
 427 1263
 428 1287
 429 1301
 430 1380
 431 1393
 432 1355
 433 1275
 434 1169
 435 1211
 436 1178
 437 1254
 438 1270
 439 1460
 440 1500
 441 1466
 442 1396
 443 1176
 444 1039
 445 926
 446 858
 447 793
 448 865
 449 735
 450 783
 451 760
 452 751
 453 733
 454 710
 455 706
 456 686
 457 621
 458 691
 459 684
 460 614
 461 613
 462 615
 463 599
 464 604
 465 586
 466 556
 467 587
 468 577
 469 547
 470 529
 471 506
 472 511
 473 523
 474 515
 475 474
 476 454
 477 492
 478 476
 479 473
 480 428
 481 466
 482 478
 483 507
 484 467
 485 464
 486 474
 487 444
 488 424
 489 461
 490 389
 491 488
 492 431
 493 433
 494 409
 495 440
 496 465
 497 449
 498 414
 499 408
 500 451
 501 410
 502 434
 503 399
 504 385
 505 383
 506 416
 507 404
 508 412
 509 414
 510 450
 511 427
 512 461
 513 520
 514 485
 515 505
 516 477
 517 474
 518 433
 519 406
 520 349
 521 372
 522 353
 523 352
 524 341
 525 342
 526 369
 527 340
 528 339
 529 364
 530 372
 531 377
 532 384
 533 388
 534 377
 535 364
 536 384
 537 378
 538 364
 539 367
 540 348
 541 390
 542 361
 543 373
 544 396
 545 358
 546 392
 547 411
 548 454
 549 444
 550 523
 551 573
 552 735
 553 1073
 554 1663
 555 2619
 556 4290
 557 7335
 558 11645
 559 17050
 560 23633
 561 28633
 562 29965
 563 27991
 564 23760
 565 19969
 566 19565
 567 23233
 568 31557
 569 41772
 570 49499
 571 51884
 572 47883
 573 37039
 574 24730
 575 14152
 576 7129
 577 3251
 578 1541
 579 831
 580 670
 581 565
 582 462
 583 443
 584 411
 585 377
 586 369
 587 365
 588 351
 589 366
 590 326
 591 346
 592 322
 593 319
 594 315
 595 311
 596 293
 597 333
 598 303
 599 292
 600 313
 601 288
 602 285
 603 283
 604 289
 605 334
 606 282
 607 293
 608 260
 609 320
 610 273
 611 286
 612 336
 613 335
 614 328
 615 314
 616 324
 617 283
 618 352
 619 374
 620 355
 621 332
 622 372
 623 343
 624 388
 625 343
 626 371
 627 379
 628 430
 629 409
 630 412
 631 459
 632 413
 633 528
 634 605
 635 618
 636 784
 637 1035
 638 1520
 639 2336
 640 3535
 641 5381
 642 7974
 643 10736
 644 13567
 645 15385
 646 15519
 647 14032
 648 10899
 649 7775
 650 4807
 651 2874
 652 1860
 653 1306
 654 1129
 655 1002
 656 1137
 657 1332
 658 1677
 659 2251
 660 2974
 661 3794
 662 4198
 663 4651
 664 4466
 665 3611
 666 2934
 667 2176
 668 1576
 669 1202
 670 863
 671 726
 672 633
 673 633
 674 602
 675 626
 676 601
 677 598
 678 625
 679 681
 680 638
 681 647
 682 642
 683 660
 684 659
 685 688
 686 666
 687 686
 688 749
 689 717
 690 769
 691 778
 692 755
 693 801
 694 811
 695 874
 696 839
 697 911
 698 880
 699 976
 700 956
 701 969
 702 1009
 703 1049
 704 1090
 705 1198
 706 1209
 707 1201
 708 1263
 709 1345
 710 1383
 711 1414
 712 1477
 713 1443
 714 1563
 715 1592
 716 1615
 717 1708
 718 1698
 719 1775
 720 1847
 721 1826
 722 1934
 723 1877
 724 1857
 725 1813
 726 1954
 727 1919
 728 1998
 729 1870
 730 1842
 731 2011
 732 1981
 733 1949
 734 2002
 735 1992
 736 2027
 737 2116
 738 2089
 739 2149
 740 2020
 741 2102
 742 2080
 743 2173
 744 2106
 745 2130
 746 2138
 747 2187
 748 2268
 749 2208
 750 2281
 751 2299
 752 2301
 753 2425
 754 2358
 755 2479
 756 2472
 757 2566
 758 2637
 759 2616
 760 2746
 761 2924
 762 3183
 763 3549
 764 4150
 765 4892
 766 5851
 767 6666
 768 7348
 769 7526
 770 7413
 771 6533
 772 5662
 773 4789
 774 4141
 775 3843
 776 3502
 777 3709
 778 3842
 779 4105
 780 4589
 781 5370
 782 6425
 783 7843
 784 9568
 785 11151
 786 11927
 787 12137
 788 11256
 789 9739
 790 7858
 791 6245
 792 5551
 793 4983
 794 4813
 795 4663
 796 4754
 797 4762
 798 4762
 799 4924
 800 4781
 801 5056
 802 5020
 803 5269
 804 5213
 805 5292
 806 5324
 807 5321
 808 5484
 809 5504
 810 5685
 811 5761
 812 5835
 813 5864
 814 6055
 815 6057
 816 6227
 817 6190
 818 6487
 819 6512
 820 6545
 821 6500
 822 6796
 823 6807
 824 6918
 825 6968
 826 6996
 827 7219
 828 7289
 829 7439
 830 7455
 831 7646
 832 7805
 833 7861
 834 8107
 835 7900
 836 8114
 837 8421
 838 8304
 839 8273
 840 8510
 841 8683
 842 8815
 843 8909
 844 9105
 845 8961
 846 9109
 847 9401
 848 9417
 849 9496
 850 9590
 851 9593
 852 9938
 853 10062
 854 10270
 855 10249
 856 10273
 857 10628
 858 10651
 859 10727
 860 10922
 861 11069
 862 11011
 863 11517
 864 11274
 865 11289
 866 11439
 867 11823
 868 11989
 869 12125
 870 12422
 871 12264
 872 12447
 873 12637
 874 12713
 875 12891
 876 13008
 877 13316
 878 13152
 879 13366
 880 13740
 881 13971
 882 14371
 883 14399
 884 14893
 885 15259
 886 15792
 887 16372
 888 16739
 889 17216
 890 17340
 891 17842
 892 17602
 893 17345
 894 16857
 895 16699
 896 16404
 897 16261
 898 16279
 899 16376
 900 16211
 901 16804
 902 16644
 903 16818
 904 17043
 905 17258
 906 17465
 907 17579
 908 17901
 909 18180
 910 18050
 911 18405
 912 18632
 913 19202
 914 19244
 915 19511
 916 19615
 917 19857
 918 20047
 919 19816
 920 19983
 921 19887
 922 19929
 923 19923
 924 19792
 925 20069
 926 20236
 927 20485
 928 20775
 929 20634
 930 21110
 931 21248
 932 21341
 933 21268
 934 21522
 935 21948
 936 21832
 937 22152
 938 22126
 939 22333
 940 22413
 941 23082
 942 23026
 943 23117
 944 23378
 945 23569
 946 23479
 947 23645
 948 24069
 949 24173
 950 24151
 951 24608
 952 24783
 953 24720
 954 24760
 955 25147
 956 25316
 957 25481
 958 25602
 959 26047
 960 25967
 961 25777
 962 26332
 963 26044
 964 26641
 965 26349
 966 26752
 967 26712
 968 26933
 969 27105
 970 27025
 971 27125
 972 27259
 973 27097
 974 27286
 975 27606
 976 27401
 977 27764
 978 28302
 979 28461
 980 28530
 981 28569
 982 28454
 983 28400
 984 28889
 985 28587
 986 28904
 987 28890
 988 29251
 989 29553
 990 29582
 991 29703
 992 29957
 993 30094
 994 30355
 995 30199
 996 30351
 997 30477
 998 30612
 999 30473
 1000 30484
 1001 30581
 1002 30997
 1003 30879
 1004 30807
 1005 31146
 1006 31290
 1007 31326
 1008 31433
 1009 31362
 1010 31380
 1011 32011
 1012 31708
 1013 31741
 1014 32017
 1015 32086
 1016 32242
 1017 32351
 1018 32543
 1019 32460
 1020 32520
 1021 32859
 1022 32846
 1023 32844
 1024 33039
 1025 32847
 1026 33299
 1027 33547
 1028 33519
 1029 33460
 1030 33510
 1031 33651
 1032 33965
 1033 34011
 1034 34048
 1035 33921
 1036 34157
 1037 34106
 1038 34037
 1039 34005
 1040 34349
 1041 34257
 1042 33805
 1043 34330
 1044 34440
 1045 34514
 1046 34768
 1047 34416
 1048 34311
 1049 34612
 1050 34691
 1051 34746
 1052 34595
 1053 34784
 1054 34687
 1055 34856
 1056 34648
 1057 34647
 1058 34816
 1059 34225
 1060 34196
 1061 34096
 1062 34258
 1063 34412
 1064 34011
 1065 34201
 1066 33984
 1067 33574
 1068 33718
 1069 33499
 1070 33306
 1071 32691
 1072 32625
 1073 32508
 1074 32257
 1075 31685
 1076 31831
 1077 31453
 1078 31531
 1079 31138
 1080 30618
 1081 30588
 1082 30064
 1083 29754
 1084 29712
 1085 29452
 1086 29380
 1087 29137
 1088 28653
 1089 28448
 1090 28395
 1091 28264
 1092 27818
 1093 28198
 1094 27840
 1095 27635
 1096 27665
 1097 27535
 1098 27704
 1099 27356
 1100 27416
 1101 27506
 1102 27004
 1103 26959
 1104 27162
 1105 26947
 1106 27374
 1107 27336
 1108 27032
 1109 27097
 1110 26904
 1111 26945
 1112 26713
 1113 26426
 1114 26820
 1115 26767
 1116 26876
 1117 27016
 1118 26907
 1119 27116
 1120 27096
 1121 26774
 1122 26988
 1123 27010
 1124 27155
 1125 26676
 1126 26874
 1127 26798
 1128 26486
 1129 26396
 1130 26206
 1131 26363
 1132 25980
 1133 25918
 1134 25962
 1135 26049
 1136 25845
 1137 25866
 1138 26124
 1139 26048
 1140 25952
 1141 26118
 1142 25937
 1143 25617
 1144 25599
 1145 25787
 1146 25758
 1147 25712
 1148 25476
 1149 25768
 1150 25444
 1151 25480
 1152 25589
 1153 25621
 1154 25345
 1155 25342
 1156 25454
 1157 25611
 1158 25547
 1159 25757
 1160 25873
 1161 26326
 1162 26618
 1163 27150
 1164 27547
 1165 27844
 1166 27911
 1167 27743
 1168 27433
 1169 26877
 1170 25997
 1171 26016
 1172 25346
 1173 25460
 1174 25329
 1175 24721
 1176 24456
 1177 24479
 1178 24313
 1179 24122
 1180 24017
 1181 23954
 1182 23771
 1183 23464
 1184 23330
 1185 23851
 1186 23512
 1187 23540
 1188 22942
 1189 23115
 1190 22994
 1191 22736
 1192 22910
 1193 22603
 1194 22884
 1195 22516
 1196 22736
 1197 22532
 1198 22672
 1199 22279
 1200 22399
 1201 22190
 1202 22415
 1203 22167
 1204 21828
 1205 21541
 1206 21892
 1207 21778
 1208 21915
 1209 21511
 1210 21354
 1211 21393
 1212 21507
 1213 21177
 1214 21262
 1215 21223
 1216 21069
 1217 20889
 1218 20738
 1219 20779
 1220 20485
 1221 20506
 1222 20688
 1223 20841
 1224 20761
 1225 20377
 1226 20589
 1227 20486
 1228 20411
 1229 20502
 1230 20753
 1231 20648
 1232 20505
 1233 20711
 1234 20967
 1235 21002
 1236 21480
 1237 21993
 1238 22571
 1239 23204
 1240 24660
 1241 25830
 1242 28277
 1243 32202
 1244 38691
 1245 48023
 1246 63164
 1247 87944
 1248 123119
 1249 171319
 1250 229232
 1251 292332
 1252 349884
 1253 388561
 1254 397747
 1255 372067
 1256 320998
 1257 254551
 1258 187019
 1259 128042
 1260 84852
 1261 55920
 1262 38403
 1263 28591
 1264 23109
 1265 19819
 1266 17989
 1267 16430
 1268 15545
 1269 14782
 1270 14031
 1271 13770
 1272 13194
 1273 13093
 1274 12868
 1275 12538
 1276 12340
 1277 12298
 1278 12138
 1279 12124
 1280 12275
 1281 12302
 1282 12350
 1283 12715
 1284 12729
 1285 13105
 1286 13671
 1287 14557
 1288 15139
 1289 16292
 1290 17852
 1291 20505
 1292 24686
 1293 30686
 1294 41475
 1295 57823
 1296 84651
 1297 126470
 1298 185334
 1299 265338
 1300 362423
 1301 465325
 1302 559263
 1303 621256
 1304 636131
 1305 596622
 1306 513341
 1307 405699
 1308 295046
 1309 199498
 1310 128130
 1311 79041
 1312 49949
 1313 33152
 1314 24147
 1315 19269
 1316 16383
 1317 14596
 1318 13428
 1319 12133
 1320 10761
 1321 9610
 1322 8552
 1323 7517
 1324 6624
 1325 6032
 1326 5526
 1327 5104
 1328 4978
 1329 4731
 1330 4419
 1331 4370
 1332 4224
 1333 3928
 1334 3869
 1335 3638
 1336 3643
 1337 3452
 1338 3404
 1339 3335
 1340 3301
 1341 3259
 1342 3193
 1343 2966
 1344 3063
 1345 2944
 1346 2823
 1347 2843
 1348 2784
 1349 2656
 1350 2703
 1351 2667
 1352 2526
 1353 2607
 1354 2517
 1355 2394
 1356 2415
 1357 2505
 1358 2340
 1359 2394
 1360 2343
 1361 2369
 1362 2418
 1363 2428
 1364 2546
 1365 2675
 1366 2810
 1367 3215
 1368 3699
 1369 4500
 1370 5175
 1371 6065
 1372 6917
 1373 7316
 1374 7615
 1375 7081
 1376 6474
 1377 5675
 1378 4677
 1379 3869
 1380 3193
 1381 2713
 1382 2418
 1383 2212
 1384 2222
 1385 2122
 1386 2049
 1387 2027
 1388 2027
 1389 1926
 1390 2022
 1391 1944
 1392 2088
 1393 1836
 1394 1920
 1395 2025
 1396 1939
 1397 1970
 1398 1847
 1399 1916
 1400 1911
 1401 1877
 1402 1849
 1403 1825
 1404 1989
 1405 1960
 1406 1978
 1407 1964
 1408 1903
 1409 1908
 1410 1909
 1411 1941
 1412 1982
 1413 1885
 1414 1945
 1415 1805
 1416 1905
 1417 1956
 1418 1918
 1419 1908
 1420 2001
 1421 2028
 1422 1968
 1423 2035
 1424 2094
 1425 2061
 1426 2113
 1427 2131
 1428 2013
 1429 2146
 1430 2147
 1431 2137
 1432 2116
 1433 2278
 1434 2251
 1435 2283
 1436 2411
 1437 2471
 1438 2429
 1439 2465
 1440 2545
 1441 2630
 1442 2714
 1443 2866
 1444 3005
 1445 3160
 1446 3201
 1447 3413
 1448 3714
 1449 4013
 1450 4683
 1451 5634
 1452 6846
 1453 8794
 1454 11960
 1455 16522
 1456 23349
 1457 32041
 1458 43090
 1459 54980
 1460 66766
 1461 76190
 1462 81268
 1463 80964
 1464 76547
 1465 69589
 1466 63667
 1467 61363
 1468 65555
 1469 77262
 1470 93985
 1471 115029
 1472 133589
 1473 147060
 1474 149735
 1475 141818
 1476 123768
 1477 101044
 1478 76251
 1479 54874
 1480 37890
 1481 26632
 1482 18969
 1483 14309
 1484 11411
 1485 9183
 1486 7494
 1487 6003
 1488 4836
 1489 4046
 1490 3315
 1491 2813
 1492 2586
 1493 2431
 1494 2276
 1495 2213
 1496 2162
 1497 2121
 1498 2148
 1499 2282
 1500 2335
 1501 2418
 1502 2663
 1503 2942
 1504 3442
 1505 4257
 1506 5744
 1507 7841
 1508 10709
 1509 14793
 1510 20743
 1511 27086
 1512 34469
 1513 42281
 1514 49292
 1515 53802
 1516 55531
 1517 54043
 1518 49519
 1519 43133
 1520 35180
 1521 28147
 1522 22605
 1523 18827
 1524 17154
 1525 16684
 1526 17367
 1527 17868
 1528 17811
 1529 16787
 1530 15228
 1531 12584
 1532 9859
 1533 7215
 1534 5268
 1535 3606
 1536 2502
 1537 1860
 1538 1501
 1539 1273
 1540 1129
 1541 1007
 1542 921
 1543 814
 1544 772
 1545 726
 1546 779
 1547 781
 1548 840
 1549 985
 1550 1101
 1551 1234
 1552 1186
 1553 1181
 1554 1048
 1555 948
 1556 863
 1557 721
 1558 588
 1559 501
 1560 487
 1561 424
 1562 428
 1563 448
 1564 390
 1565 393
 1566 366
 1567 374
 1568 351
 1569 357
 1570 344
 1571 353
 1572 359
 1573 327
 1574 337
 1575 327
 1576 299
 1577 330
 1578 317
 1579 343
 1580 310
 1581 357
 1582 319
 1583 336
 1584 303
 1585 361
 1586 349
 1587 331
 1588 398
 1589 366
 1590 453
 1591 446
 1592 454
 1593 520
 1594 507
 1595 566
 1596 559
 1597 592
 1598 624
 1599 533
 1600 542
 1601 471
 1602 455
 1603 426
 1604 372
 1605 402
 1606 400
 1607 397
 1608 379
 1609 396
 1610 398
 1611 395
 1612 360
 1613 387
 1614 322
 1615 347
 1616 329
 1617 308
 1618 293
 1619 289
 1620 274
 1621 301
 1622 278
 1623 275
 1624 299
 1625 316
 1626 279
 1627 256
 1628 274
 1629 300
 1630 272
 1631 259
 1632 296
 1633 288
 1634 261
 1635 282
 1636 241
 1637 271
 1638 278
 1639 249
 1640 257
 1641 221
 1642 271
 1643 262
 1644 281
 1645 238
 1646 238
 1647 264
 1648 241
 1649 284
 1650 251
 1651 248
 1652 256
 1653 229
 1654 289
 1655 257
 1656 251
 1657 241
 1658 258
 1659 237
 1660 258
 1661 240
 1662 223
 1663 240
 1664 254
 1665 247
 1666 255
 1667 246
 1668 236
 1669 260
 1670 257
 1671 233
 1672 253
 1673 264
 1674 219
 1675 237
 1676 238
 1677 233
 1678 224
 1679 210
 1680 276
 1681 240
 1682 259
 1683 259
 1684 243
 1685 239
 1686 230
 1687 236
 1688 232
 1689 250
 1690 236
 1691 235
 1692 225
 1693 237
 1694 254
 1695 220
 1696 246
 1697 240
 1698 222
 1699 211
 1700 226
 1701 264
 1702 219
 1703 216
 1704 224
 1705 247
 1706 228
 1707 197
 1708 230
 1709 233
 1710 237
 1711 210
 1712 226
 1713 241
 1714 189
 1715 224
 1716 214
 1717 217
 1718 237
 1719 227
 1720 198
 1721 249
 1722 222
 1723 223
 1724 239
 1725 213
 1726 210
 1727 232
 1728 204
 1729 214
 1730 216
 1731 207
 1732 214
 1733 214
 1734 210
 1735 241
 1736 211
 1737 231
 1738 245
 1739 238
 1740 227
 1741 196
 1742 200
 1743 193
 1744 231
 1745 234
 1746 197
 1747 228
 1748 182
 1749 209
 1750 203
 1751 199
 1752 224
 1753 246
 1754 195
 1755 205
 1756 232
 1757 214
 1758 237
 1759 249
 1760 204
 1761 200
 1762 210
 1763 202
 1764 223
 1765 211
 1766 225
 1767 197
 1768 229
 1769 203
 1770 217
 1771 216
 1772 197
 1773 233
 1774 187
 1775 207
 1776 209
 1777 215
 1778 203
 1779 200
 1780 227
 1781 224
 1782 212
 1783 217
 1784 217
 1785 214
 1786 211
 1787 220
 1788 213
 1789 208
 1790 194
 1791 220
 1792 200
 1793 215
 1794 236
 1795 205
 1796 211
 1797 237
 1798 221
 1799 204
 1800 221
 1801 222
 1802 202
 1803 210
 1804 214
 1805 240
 1806 232
 1807 220
 1808 196
 1809 244
 1810 205
 1811 241
 1812 245
 1813 219
 1814 228
 1815 257
 1816 237
 1817 221
 1818 228
 1819 238
 1820 221
 1821 222
 1822 251
 1823 214
 1824 229
 1825 208
 1826 211
 1827 217
 1828 194
 1829 189
 1830 204
 1831 214
 1832 197
 1833 219
 1834 192
 1835 184
 1836 198
 1837 218
 1838 203
 1839 217
 1840 220
 1841 210
 1842 216
 1843 210
 1844 241
 1845 227
 1846 186
 1847 219
 1848 209
 1849 227
 1850 243
 1851 223
 1852 203
 1853 223
 1854 201
 1855 231
 1856 217
 1857 239
 1858 223
 1859 238
 1860 253
 1861 236
 1862 259
 1863 248
 1864 249
 1865 239
 1866 211
 1867 250
 1868 252
 1869 219
 1870 236
 1871 219
 1872 204
 1873 221
 1874 196
 1875 189
 1876 186
 1877 194
 1878 179
 1879 153
 1880 159
 1881 154
 1882 157
 1883 206
 1884 169
 1885 142
 1886 174
 1887 176
 1888 178
 1889 175
 1890 157
 1891 150
 1892 163
 1893 173
 1894 165
 1895 169
 1896 167
 1897 159
 1898 167
 1899 160
 1900 160
 1901 180
 1902 176
 1903 163
 1904 165
 1905 184
 1906 175
 1907 155
 1908 139
 1909 163
 1910 158
 1911 151
 1912 164
 1913 150
 1914 175
 1915 170
 1916 164
 1917 127
 1918 164
 1919 152
 1920 169
 1921 148
 1922 166
 1923 179
 1924 158
 1925 146
 1926 155
 1927 144
 1928 150
 1929 172
 1930 159
 1931 153
 1932 149
 1933 160
 1934 145
 1935 170
 1936 160
 1937 152
 1938 151
 1939 161
 1940 163
 1941 165
 1942 155
 1943 147
 1944 157
 1945 152
 1946 184
 1947 182
 1948 160
 1949 168
 1950 168
 1951 176
 1952 146
 1953 154
 1954 132
 1955 145
 1956 130
 1957 140
 1958 153
 1959 135
 1960 137
 1961 146
 1962 152
 1963 140
 1964 147
 1965 144
 1966 127
 1967 137
 1968 149
 1969 146
 1970 128
 1971 126
 1972 163
 1973 148
 1974 141
 1975 155
 1976 166
 1977 152
 1978 154
 1979 137
 1980 139
 1981 144
 1982 140
 1983 138
 1984 141
 1985 163
 1986 173
 1987 165
 1988 171
 1989 144
 1990 159
 1991 157
 1992 156
 1993 170
 1994 166
 1995 172
 1996 167
 1997 167
 1998 184
 1999 174
 2000 192
 2001 165
 2002 183
 2003 181
 2004 167
 2005 171
 2006 169
 2007 179
 2008 212
 2009 181
 2010 194
 2011 211
 2012 176
 2013 174
 2014 206
 2015 179
 2016 194
 2017 206
 2018 0
 2019 0
 2020 0
 2021 0
 2022 0
 2023 0
 2024 0
 2025 0
 2026 0
 2027 0
 2028 0
 2029 0
 2030 0
 2031 0
 2032 0
 2033 0
 2034 0
 2035 0
 2036 0
 2037 0
 2038 0
 2039 0
 2040 0
 2041 0
 2042 0
 2043 0
 2044 0
 2045 0
 2046 0
 2047 0
