C_Z_UPU250_RED_X_201311151402_3.res C:\MEXRF\results\C_Z_UPU250_RED_X_201311151402_3 No 01-01-65 12:00
2047 1000 1271.1 1.414 22 0.7 239.63 0 0 0 
 0 0
 1 0
 2 0
 3 0
 4 0
 5 1
 6 0
 7 0
 8 0
 9 0
 10 0
 11 0
 12 0
 13 0
 14 0
 15 0
 16 0
 17 0
 18 0
 19 0
 20 0
 21 0
 22 0
 23 0
 24 1979
 25 3468
 26 3238
 27 3187
 28 3278
 29 3092
 30 3122
 31 3096
 32 3160
 33 3123
 34 2984
 35 2883
 36 2901
 37 2808
 38 2848
 39 2790
 40 2748
 41 2700
 42 2645
 43 2666
 44 2562
 45 2453
 46 2532
 47 2543
 48 2489
 49 2503
 50 2463
 51 2490
 52 2490
 53 2408
 54 2248
 55 2278
 56 2304
 57 2314
 58 2159
 59 2214
 60 2224
 61 2123
 62 2322
 63 2122
 64 2168
 65 2130
 66 2113
 67 2125
 68 2162
 69 2079
 70 2008
 71 2055
 72 2104
 73 2159
 74 2159
 75 2158
 76 2107
 77 2231
 78 2328
 79 2727
 80 3118
 81 3816
 82 4464
 83 4806
 84 4542
 85 3789
 86 3190
 87 2822
 88 2847
 89 3324
 90 3819
 91 4396
 92 4644
 93 4409
 94 3852
 95 3295
 96 3123
 97 2831
 98 2524
 99 2302
 100 2100
 101 1926
 102 1866
 103 1868
 104 1911
 105 2088
 106 1973
 107 2173
 108 2124
 109 2230
 110 2205
 111 2191
 112 2238
 113 2295
 114 2288
 115 2233
 116 2047
 117 1916
 118 1784
 119 1676
 120 1684
 121 1704
 122 1666
 123 1760
 124 1806
 125 1823
 126 1756
 127 1807
 128 1991
 129 2175
 130 2272
 131 2338
 132 2343
 133 2136
 134 2056
 135 1948
 136 1813
 137 1773
 138 1767
 139 1764
 140 1744
 141 1680
 142 1726
 143 1746
 144 1808
 145 1737
 146 1842
 147 1882
 148 1907
 149 1883
 150 1968
 151 1987
 152 1881
 153 1939
 154 2024
 155 1952
 156 1889
 157 1896
 158 2007
 159 2001
 160 2035
 161 2163
 162 2165
 163 2249
 164 2325
 165 2360
 166 2248
 167 2176
 168 1991
 169 1997
 170 1988
 171 1975
 172 1910
 173 1886
 174 2034
 175 1992
 176 1977
 177 2075
 178 2095
 179 2019
 180 2049
 181 2043
 182 2060
 183 2034
 184 2044
 185 2020
 186 2048
 187 1986
 188 2116
 189 2084
 190 2071
 191 2101
 192 2055
 193 2096
 194 2144
 195 2219
 196 2230
 197 2186
 198 2175
 199 2220
 200 2188
 201 2290
 202 2344
 203 2297
 204 2223
 205 2299
 206 2288
 207 2214
 208 2252
 209 2282
 210 2309
 211 2259
 212 2197
 213 2230
 214 2274
 215 2281
 216 2212
 217 2243
 218 2331
 219 2278
 220 2389
 221 2326
 222 2377
 223 2303
 224 2284
 225 2408
 226 2354
 227 2411
 228 2384
 229 2384
 230 2462
 231 2403
 232 2440
 233 2467
 234 2471
 235 2484
 236 2450
 237 2434
 238 2413
 239 2345
 240 2522
 241 2455
 242 2528
 243 2474
 244 2383
 245 2531
 246 2529
 247 2548
 248 2469
 249 2422
 250 2433
 251 2435
 252 2645
 253 2517
 254 2529
 255 2620
 256 2586
 257 2650
 258 2631
 259 2560
 260 2577
 261 2657
 262 2670
 263 2645
 264 2657
 265 2748
 266 2588
 267 2644
 268 2814
 269 2756
 270 2793
 271 2796
 272 2764
 273 2917
 274 2850
 275 2932
 276 2884
 277 2931
 278 2883
 279 3087
 280 3048
 281 3222
 282 3119
 283 3189
 284 3209
 285 3204
 286 3414
 287 3414
 288 3663
 289 3895
 290 4567
 291 5226
 292 6212
 293 6999
 294 7696
 295 7741
 296 7187
 297 6161
 298 4910
 299 3879
 300 3232
 301 2968
 302 2854
 303 2783
 304 2792
 305 2813
 306 2905
 307 2853
 308 2824
 309 2912
 310 2859
 311 2918
 312 2844
 313 2930
 314 2965
 315 2848
 316 2824
 317 2845
 318 2811
 319 2909
 320 2942
 321 3030
 322 2830
 323 2936
 324 2979
 325 2978
 326 3086
 327 3200
 328 3416
 329 3921
 330 4352
 331 4645
 332 4812
 333 4504
 334 4218
 335 3625
 336 3381
 337 3115
 338 3054
 339 2933
 340 2877
 341 2823
 342 2659
 343 2440
 344 2428
 345 2523
 346 2345
 347 2330
 348 2401
 349 2283
 350 2255
 351 2363
 352 2230
 353 2174
 354 2244
 355 2140
 356 2107
 357 2130
 358 2134
 359 2050
 360 2007
 361 2008
 362 1924
 363 1912
 364 1905
 365 1856
 366 1833
 367 1827
 368 1742
 369 1745
 370 1745
 371 1703
 372 1675
 373 1656
 374 1580
 375 1636
 376 1599
 377 1573
 378 1533
 379 1480
 380 1499
 381 1505
 382 1517
 383 1443
 384 1416
 385 1394
 386 1432
 387 1429
 388 1398
 389 1378
 390 1402
 391 1344
 392 1368
 393 1313
 394 1294
 395 1243
 396 1323
 397 1226
 398 1266
 399 1259
 400 1175
 401 1187
 402 1188
 403 1195
 404 1130
 405 1173
 406 1187
 407 1177
 408 1157
 409 1175
 410 1138
 411 1194
 412 1160
 413 1163
 414 1221
 415 1213
 416 1057
 417 1144
 418 1165
 419 1155
 420 1139
 421 1123
 422 1108
 423 1159
 424 1191
 425 1159
 426 1319
 427 1236
 428 1280
 429 1350
 430 1350
 431 1420
 432 1360
 433 1310
 434 1265
 435 1165
 436 1157
 437 1276
 438 1376
 439 1439
 440 1540
 441 1523
 442 1350
 443 1204
 444 1060
 445 950
 446 844
 447 818
 448 793
 449 686
 450 793
 451 697
 452 755
 453 723
 454 660
 455 661
 456 659
 457 696
 458 622
 459 679
 460 621
 461 622
 462 585
 463 605
 464 578
 465 575
 466 593
 467 578
 468 566
 469 538
 470 521
 471 542
 472 504
 473 529
 474 478
 475 483
 476 459
 477 504
 478 469
 479 484
 480 432
 481 454
 482 459
 483 464
 484 433
 485 428
 486 409
 487 395
 488 428
 489 478
 490 406
 491 418
 492 459
 493 432
 494 393
 495 406
 496 401
 497 421
 498 420
 499 415
 500 420
 501 449
 502 438
 503 431
 504 382
 505 368
 506 382
 507 367
 508 398
 509 380
 510 440
 511 441
 512 458
 513 505
 514 438
 515 518
 516 468
 517 454
 518 413
 519 414
 520 390
 521 385
 522 375
 523 316
 524 364
 525 338
 526 373
 527 396
 528 356
 529 349
 530 337
 531 342
 532 367
 533 378
 534 377
 535 373
 536 389
 537 360
 538 389
 539 354
 540 422
 541 364
 542 340
 543 398
 544 369
 545 349
 546 359
 547 403
 548 421
 549 458
 550 486
 551 567
 552 728
 553 956
 554 1467
 555 2389
 556 4122
 557 6892
 558 11311
 559 16922
 560 23133
 561 28178
 562 30235
 563 28683
 564 24446
 565 20344
 566 19128
 567 22736
 568 30300
 569 40282
 570 49108
 571 52482
 572 48712
 573 38401
 574 26247
 575 15443
 576 7703
 577 3645
 578 1715
 579 929
 580 633
 581 566
 582 472
 583 431
 584 399
 585 404
 586 373
 587 348
 588 355
 589 335
 590 311
 591 326
 592 325
 593 295
 594 325
 595 315
 596 278
 597 313
 598 288
 599 293
 600 291
 601 332
 602 297
 603 301
 604 311
 605 321
 606 297
 607 293
 608 317
 609 323
 610 289
 611 354
 612 305
 613 299
 614 334
 615 310
 616 315
 617 329
 618 335
 619 357
 620 351
 621 330
 622 331
 623 343
 624 396
 625 358
 626 375
 627 425
 628 398
 629 440
 630 423
 631 472
 632 474
 633 521
 634 572
 635 646
 636 794
 637 990
 638 1470
 639 2196
 640 3277
 641 5249
 642 7498
 643 10522
 644 13395
 645 15296
 646 15442
 647 14172
 648 11540
 649 8184
 650 5283
 651 3245
 652 1877
 653 1415
 654 1072
 655 1009
 656 1120
 657 1293
 658 1585
 659 2169
 660 3011
 661 3489
 662 4198
 663 4612
 664 4253
 665 3781
 666 3165
 667 2343
 668 1684
 669 1197
 670 914
 671 719
 672 636
 673 590
 674 590
 675 570
 676 609
 677 619
 678 564
 679 612
 680 643
 681 668
 682 595
 683 637
 684 686
 685 646
 686 699
 687 760
 688 706
 689 783
 690 745
 691 746
 692 778
 693 809
 694 827
 695 888
 696 889
 697 882
 698 899
 699 918
 700 921
 701 1001
 702 1024
 703 1122
 704 1090
 705 1171
 706 1139
 707 1271
 708 1334
 709 1342
 710 1376
 711 1469
 712 1444
 713 1572
 714 1571
 715 1642
 716 1748
 717 1744
 718 1699
 719 1740
 720 1752
 721 1851
 722 1792
 723 1785
 724 1895
 725 1952
 726 1884
 727 1944
 728 1897
 729 1871
 730 1950
 731 1923
 732 1963
 733 1903
 734 1977
 735 2085
 736 2019
 737 2036
 738 2085
 739 2043
 740 2077
 741 2024
 742 2140
 743 2090
 744 2054
 745 2202
 746 2184
 747 2247
 748 2275
 749 2151
 750 2292
 751 2452
 752 2311
 753 2323
 754 2393
 755 2492
 756 2465
 757 2589
 758 2597
 759 2674
 760 2754
 761 2985
 762 3197
 763 3515
 764 4032
 765 4682
 766 5702
 767 6424
 768 7466
 769 7777
 770 7428
 771 6577
 772 5683
 773 4851
 774 4229
 775 3796
 776 3599
 777 3675
 778 3734
 779 4121
 780 4546
 781 5136
 782 6200
 783 7650
 784 9163
 785 10697
 786 11949
 787 12209
 788 11446
 789 9853
 790 8325
 791 6783
 792 5636
 793 4930
 794 4558
 795 4621
 796 4583
 797 4662
 798 4693
 799 4780
 800 4901
 801 5042
 802 4929
 803 5072
 804 5225
 805 5223
 806 5297
 807 5448
 808 5502
 809 5575
 810 5703
 811 5647
 812 5739
 813 5865
 814 5877
 815 5962
 816 6056
 817 6163
 818 6318
 819 6301
 820 6536
 821 6603
 822 6561
 823 6786
 824 6911
 825 6985
 826 7122
 827 7153
 828 7272
 829 7316
 830 7272
 831 7631
 832 7708
 833 7704
 834 7890
 835 8123
 836 7997
 837 8174
 838 8209
 839 8291
 840 8520
 841 8437
 842 8616
 843 8837
 844 8866
 845 9195
 846 9293
 847 9208
 848 9324
 849 9601
 850 9658
 851 9829
 852 9857
 853 10029
 854 10262
 855 10368
 856 10278
 857 10426
 858 10707
 859 10580
 860 10833
 861 10996
 862 11242
 863 11318
 864 11386
 865 11426
 866 11564
 867 11890
 868 12067
 869 12044
 870 12084
 871 12407
 872 12346
 873 12600
 874 12749
 875 12742
 876 12928
 877 12967
 878 13094
 879 13295
 880 13545
 881 13695
 882 14085
 883 14340
 884 14541
 885 14955
 886 15662
 887 15981
 888 16651
 889 17150
 890 17500
 891 17685
 892 17646
 893 17144
 894 16923
 895 16731
 896 16343
 897 16287
 898 16437
 899 16350
 900 16339
 901 16390
 902 16796
 903 16677
 904 17127
 905 17159
 906 17292
 907 17625
 908 17688
 909 17874
 910 18149
 911 18372
 912 18765
 913 19024
 914 19044
 915 19555
 916 19568
 917 19721
 918 19848
 919 20093
 920 19812
 921 19744
 922 19737
 923 20093
 924 20026
 925 20025
 926 20191
 927 20542
 928 20287
 929 20701
 930 20807
 931 20750
 932 21134
 933 21434
 934 21628
 935 21796
 936 21982
 937 21937
 938 22049
 939 22270
 940 22544
 941 22395
 942 23057
 943 23092
 944 23472
 945 23329
 946 23661
 947 23643
 948 23855
 949 24074
 950 24316
 951 24471
 952 24520
 953 24695
 954 24649
 955 24951
 956 24990
 957 24804
 958 25373
 959 25328
 960 25731
 961 25938
 962 26112
 963 26154
 964 26140
 965 26396
 966 26792
 967 26771
 968 27158
 969 26755
 970 26742
 971 26994
 972 26944
 973 27350
 974 27354
 975 27714
 976 27761
 977 27891
 978 28154
 979 28021
 980 28130
 981 28389
 982 28665
 983 28208
 984 28865
 985 29037
 986 29003
 987 29030
 988 29513
 989 29556
 990 29648
 991 29835
 992 29958
 993 29892
 994 30054
 995 30027
 996 30326
 997 30357
 998 30206
 999 30688
 1000 30759
 1001 30585
 1002 30582
 1003 30941
 1004 30841
 1005 31181
 1006 31342
 1007 31319
 1008 31009
 1009 31130
 1010 31666
 1011 31056
 1012 31758
 1013 31732
 1014 31916
 1015 32056
 1016 32393
 1017 32232
 1018 32440
 1019 32562
 1020 32446
 1021 32658
 1022 32960
 1023 32912
 1024 33312
 1025 33113
 1026 33028
 1027 33170
 1028 33276
 1029 33485
 1030 33310
 1031 33647
 1032 33670
 1033 33748
 1034 33460
 1035 34100
 1036 34134
 1037 34181
 1038 34339
 1039 34180
 1040 34373
 1041 34093
 1042 34585
 1043 34447
 1044 34598
 1045 34483
 1046 34534
 1047 34462
 1048 34673
 1049 34427
 1050 34913
 1051 34432
 1052 34703
 1053 34753
 1054 34630
 1055 34493
 1056 35006
 1057 34435
 1058 34585
 1059 34249
 1060 34596
 1061 34467
 1062 34518
 1063 34116
 1064 34162
 1065 33998
 1066 33967
 1067 33552
 1068 33624
 1069 33588
 1070 33627
 1071 33366
 1072 32634
 1073 32715
 1074 32126
 1075 32280
 1076 31878
 1077 31593
 1078 31454
 1079 31114
 1080 31121
 1081 30251
 1082 30333
 1083 29962
 1084 29665
 1085 29600
 1086 29333
 1087 29134
 1088 29071
 1089 28360
 1090 28476
 1091 28303
 1092 27988
 1093 27783
 1094 27581
 1095 27898
 1096 27666
 1097 27776
 1098 27388
 1099 27306
 1100 26942
 1101 27266
 1102 27017
 1103 27347
 1104 26957
 1105 26917
 1106 27080
 1107 26971
 1108 27247
 1109 26906
 1110 27071
 1111 26699
 1112 26997
 1113 26543
 1114 26804
 1115 26718
 1116 26929
 1117 26567
 1118 26751
 1119 26899
 1120 26901
 1121 27029
 1122 27173
 1123 26912
 1124 27046
 1125 27147
 1126 26321
 1127 26578
 1128 26645
 1129 26381
 1130 26402
 1131 26445
 1132 26203
 1133 26201
 1134 26237
 1135 26038
 1136 25676
 1137 25965
 1138 26122
 1139 25764
 1140 25937
 1141 25870
 1142 25546
 1143 25728
 1144 25615
 1145 25782
 1146 25770
 1147 25760
 1148 25949
 1149 25557
 1150 25495
 1151 25597
 1152 25689
 1153 25650
 1154 25264
 1155 25574
 1156 25485
 1157 25662
 1158 25594
 1159 25769
 1160 25667
 1161 26160
 1162 26620
 1163 26876
 1164 27653
 1165 27640
 1166 28221
 1167 27753
 1168 27401
 1169 26829
 1170 26343
 1171 26151
 1172 25702
 1173 25404
 1174 25274
 1175 25080
 1176 24760
 1177 24707
 1178 24539
 1179 24295
 1180 23930
 1181 23931
 1182 24116
 1183 23768
 1184 23469
 1185 23464
 1186 23167
 1187 23161
 1188 23323
 1189 23171
 1190 23207
 1191 23179
 1192 23060
 1193 22964
 1194 22770
 1195 22777
 1196 22672
 1197 22539
 1198 22419
 1199 22135
 1200 22471
 1201 22316
 1202 22130
 1203 22134
 1204 22007
 1205 21955
 1206 21982
 1207 21644
 1208 21674
 1209 21263
 1210 21670
 1211 21749
 1212 21360
 1213 21276
 1214 21346
 1215 21031
 1216 20952
 1217 20905
 1218 20826
 1219 20742
 1220 20616
 1221 20578
 1222 20404
 1223 20611
 1224 20368
 1225 20421
 1226 20306
 1227 20372
 1228 20362
 1229 20221
 1230 20445
 1231 20548
 1232 20646
 1233 20685
 1234 20850
 1235 20980
 1236 21286
 1237 21661
 1238 22125
 1239 22605
 1240 23767
 1241 25202
 1242 27134
 1243 30228
 1244 35277
 1245 42879
 1246 56073
 1247 75810
 1248 106296
 1249 148257
 1250 203601
 1251 266027
 1252 329644
 1253 376462
 1254 399873
 1255 388510
 1256 346828
 1257 283712
 1258 213461
 1259 149741
 1260 100441
 1261 65847
 1262 44522
 1263 32181
 1264 25079
 1265 20958
 1266 18406
 1267 16921
 1268 15726
 1269 14919
 1270 14340
 1271 13832
 1272 13475
 1273 13229
 1274 13107
 1275 12499
 1276 12351
 1277 12324
 1278 12237
 1279 12285
 1280 12236
 1281 12212
 1282 12234
 1283 12619
 1284 12673
 1285 12919
 1286 13363
 1287 13982
 1288 14603
 1289 15782
 1290 17077
 1291 19254
 1292 22418
 1293 27214
 1294 35218
 1295 49200
 1296 71133
 1297 104691
 1298 155661
 1299 226490
 1300 317232
 1301 420535
 1302 520287
 1303 601123
 1304 637537
 1305 623522
 1306 557418
 1307 456619
 1308 342820
 1309 237267
 1310 154510
 1311 96621
 1312 60135
 1313 38595
 1314 26810
 1315 20761
 1316 17276
 1317 14999
 1318 14039
 1319 12922
 1320 11435
 1321 10085
 1322 9115
 1323 7845
 1324 6993
 1325 6400
 1326 5644
 1327 5410
 1328 5039
 1329 4738
 1330 4565
 1331 4367
 1332 4161
 1333 4030
 1334 3805
 1335 3728
 1336 3609
 1337 3645
 1338 3528
 1339 3268
 1340 3299
 1341 3240
 1342 3252
 1343 3156
 1344 3112
 1345 3043
 1346 3001
 1347 2860
 1348 2849
 1349 2697
 1350 2660
 1351 2720
 1352 2582
 1353 2522
 1354 2605
 1355 2525
 1356 2562
 1357 2421
 1358 2353
 1359 2390
 1360 2418
 1361 2402
 1362 2358
 1363 2441
 1364 2468
 1365 2594
 1366 2711
 1367 2997
 1368 3496
 1369 4045
 1370 4656
 1371 5583
 1372 6663
 1373 7243
 1374 7536
 1375 7342
 1376 6764
 1377 6110
 1378 5061
 1379 4261
 1380 3489
 1381 2988
 1382 2515
 1383 2336
 1384 2160
 1385 2096
 1386 2052
 1387 2048
 1388 2023
 1389 1972
 1390 2002
 1391 1962
 1392 1914
 1393 2047
 1394 1905
 1395 1905
 1396 1938
 1397 2014
 1398 1936
 1399 1940
 1400 1930
 1401 2014
 1402 1919
 1403 1970
 1404 1950
 1405 1909
 1406 1866
 1407 1860
 1408 1918
 1409 1894
 1410 1898
 1411 1901
 1412 1908
 1413 1897
 1414 1988
 1415 1898
 1416 1867
 1417 1895
 1418 1925
 1419 2095
 1420 2016
 1421 1900
 1422 1949
 1423 1975
 1424 1956
 1425 2019
 1426 1976
 1427 2112
 1428 2141
 1429 2016
 1430 2130
 1431 2166
 1432 2159
 1433 2159
 1434 2288
 1435 2295
 1436 2300
 1437 2422
 1438 2429
 1439 2509
 1440 2550
 1441 2606
 1442 2744
 1443 2803
 1444 2851
 1445 2992
 1446 3172
 1447 3280
 1448 3574
 1449 3790
 1450 4305
 1451 5016
 1452 5908
 1453 7512
 1454 9944
 1455 13724
 1456 19717
 1457 26908
 1458 37124
 1459 48807
 1460 61505
 1461 71451
 1462 79649
 1463 81655
 1464 78952
 1465 73407
 1466 66060
 1467 61189
 1468 61940
 1469 69542
 1470 84036
 1471 103514
 1472 124436
 1473 141660
 1474 150806
 1475 148354
 1476 135355
 1477 114028
 1478 88829
 1479 65287
 1480 45681
 1481 31672
 1482 22040
 1483 16285
 1484 12568
 1485 10109
 1486 8379
 1487 6850
 1488 5530
 1489 4487
 1490 3583
 1491 3119
 1492 2730
 1493 2508
 1494 2305
 1495 2202
 1496 2208
 1497 2143
 1498 2193
 1499 2213
 1500 2175
 1501 2367
 1502 2529
 1503 2864
 1504 3132
 1505 3813
 1506 4908
 1507 6411
 1508 8947
 1509 12278
 1510 17132
 1511 23335
 1512 30107
 1513 38521
 1514 45868
 1515 52120
 1516 54957
 1517 55805
 1518 52553
 1519 46609
 1520 39292
 1521 31998
 1522 25229
 1523 20439
 1524 17511
 1525 16535
 1526 16903
 1527 17610
 1528 17931
 1529 17701
 1530 16272
 1531 13952
 1532 11211
 1533 8802
 1534 6276
 1535 4197
 1536 2951
 1537 2198
 1538 1625
 1539 1387
 1540 1202
 1541 1061
 1542 943
 1543 883
 1544 787
 1545 730
 1546 723
 1547 770
 1548 853
 1549 951
 1550 1045
 1551 1116
 1552 1161
 1553 1202
 1554 1081
 1555 1051
 1556 920
 1557 747
 1558 680
 1559 594
 1560 499
 1561 440
 1562 400
 1563 398
 1564 395
 1565 385
 1566 384
 1567 360
 1568 339
 1569 350
 1570 302
 1571 360
 1572 355
 1573 344
 1574 325
 1575 338
 1576 367
 1577 340
 1578 331
 1579 338
 1580 304
 1581 315
 1582 312
 1583 341
 1584 324
 1585 358
 1586 350
 1587 351
 1588 394
 1589 402
 1590 382
 1591 434
 1592 453
 1593 460
 1594 520
 1595 582
 1596 602
 1597 627
 1598 602
 1599 607
 1600 523
 1601 506
 1602 447
 1603 384
 1604 407
 1605 398
 1606 419
 1607 372
 1608 401
 1609 401
 1610 382
 1611 385
 1612 370
 1613 364
 1614 339
 1615 356
 1616 349
 1617 338
 1618 325
 1619 294
 1620 280
 1621 299
 1622 279
 1623 269
 1624 274
 1625 281
 1626 297
 1627 298
 1628 278
 1629 279
 1630 290
 1631 275
 1632 261
 1633 293
 1634 282
 1635 264
 1636 233
 1637 268
 1638 250
 1639 272
 1640 275
 1641 275
 1642 249
 1643 274
 1644 251
 1645 251
 1646 269
 1647 246
 1648 253
 1649 261
 1650 269
 1651 247
 1652 258
 1653 255
 1654 254
 1655 252
 1656 239
 1657 263
 1658 254
 1659 244
 1660 290
 1661 273
 1662 253
 1663 253
 1664 239
 1665 271
 1666 263
 1667 275
 1668 246
 1669 222
 1670 249
 1671 262
 1672 248
 1673 238
 1674 248
 1675 262
 1676 244
 1677 246
 1678 258
 1679 248
 1680 215
 1681 225
 1682 215
 1683 226
 1684 217
 1685 230
 1686 250
 1687 226
 1688 226
 1689 228
 1690 226
 1691 245
 1692 227
 1693 245
 1694 241
 1695 224
 1696 258
 1697 251
 1698 233
 1699 242
 1700 225
 1701 232
 1702 246
 1703 254
 1704 242
 1705 218
 1706 220
 1707 220
 1708 197
 1709 240
 1710 249
 1711 255
 1712 217
 1713 214
 1714 221
 1715 235
 1716 228
 1717 240
 1718 217
 1719 240
 1720 228
 1721 190
 1722 209
 1723 221
 1724 220
 1725 212
 1726 228
 1727 242
 1728 221
 1729 229
 1730 211
 1731 194
 1732 177
 1733 248
 1734 208
 1735 230
 1736 241
 1737 247
 1738 213
 1739 228
 1740 215
 1741 217
 1742 228
 1743 215
 1744 208
 1745 206
 1746 199
 1747 201
 1748 203
 1749 227
 1750 190
 1751 214
 1752 205
 1753 203
 1754 189
 1755 206
 1756 196
 1757 209
 1758 219
 1759 200
 1760 197
 1761 235
 1762 188
 1763 240
 1764 228
 1765 204
 1766 208
 1767 233
 1768 229
 1769 199
 1770 219
 1771 199
 1772 183
 1773 218
 1774 224
 1775 217
 1776 201
 1777 210
 1778 261
 1779 219
 1780 225
 1781 234
 1782 195
 1783 246
 1784 201
 1785 235
 1786 227
 1787 224
 1788 236
 1789 214
 1790 235
 1791 219
 1792 206
 1793 221
 1794 205
 1795 221
 1796 220
 1797 192
 1798 211
 1799 184
 1800 208
 1801 221
 1802 223
 1803 250
 1804 205
 1805 228
 1806 204
 1807 220
 1808 218
 1809 222
 1810 236
 1811 233
 1812 259
 1813 219
 1814 243
 1815 254
 1816 252
 1817 223
 1818 244
 1819 253
 1820 222
 1821 200
 1822 248
 1823 239
 1824 252
 1825 214
 1826 231
 1827 182
 1828 195
 1829 234
 1830 180
 1831 224
 1832 220
 1833 203
 1834 208
 1835 215
 1836 197
 1837 202
 1838 212
 1839 213
 1840 200
 1841 230
 1842 194
 1843 220
 1844 215
 1845 189
 1846 206
 1847 193
 1848 203
 1849 225
 1850 229
 1851 213
 1852 226
 1853 231
 1854 218
 1855 225
 1856 217
 1857 240
 1858 260
 1859 226
 1860 239
 1861 228
 1862 218
 1863 266
 1864 227
 1865 244
 1866 235
 1867 200
 1868 226
 1869 247
 1870 228
 1871 228
 1872 209
 1873 229
 1874 193
 1875 181
 1876 214
 1877 204
 1878 182
 1879 167
 1880 147
 1881 157
 1882 170
 1883 188
 1884 156
 1885 145
 1886 158
 1887 156
 1888 168
 1889 156
 1890 172
 1891 161
 1892 186
 1893 171
 1894 157
 1895 169
 1896 159
 1897 154
 1898 157
 1899 160
 1900 166
 1901 174
 1902 175
 1903 178
 1904 157
 1905 154
 1906 171
 1907 172
 1908 170
 1909 165
 1910 162
 1911 166
 1912 155
 1913 147
 1914 120
 1915 151
 1916 130
 1917 172
 1918 158
 1919 149
 1920 141
 1921 159
 1922 158
 1923 158
 1924 155
 1925 158
 1926 180
 1927 150
 1928 174
 1929 142
 1930 140
 1931 156
 1932 171
 1933 148
 1934 165
 1935 164
 1936 165
 1937 174
 1938 155
 1939 145
 1940 160
 1941 142
 1942 152
 1943 179
 1944 148
 1945 153
 1946 190
 1947 156
 1948 142
 1949 163
 1950 148
 1951 168
 1952 143
 1953 155
 1954 167
 1955 143
 1956 150
 1957 146
 1958 147
 1959 142
 1960 148
 1961 124
 1962 131
 1963 144
 1964 138
 1965 145
 1966 147
 1967 166
 1968 132
 1969 143
 1970 152
 1971 161
 1972 133
 1973 149
 1974 166
 1975 160
 1976 142
 1977 159
 1978 141
 1979 141
 1980 156
 1981 160
 1982 167
 1983 144
 1984 170
 1985 167
 1986 165
 1987 150
 1988 169
 1989 148
 1990 162
 1991 182
 1992 166
 1993 181
 1994 173
 1995 175
 1996 176
 1997 180
 1998 188
 1999 155
 2000 175
 2001 177
 2002 201
 2003 172
 2004 165
 2005 169
 2006 199
 2007 196
 2008 203
 2009 179
 2010 180
 2011 189
 2012 176
 2013 187
 2014 195
 2015 194
 2016 223
 2017 204
 2018 0
 2019 0
 2020 0
 2021 0
 2022 0
 2023 0
 2024 0
 2025 0
 2026 0
 2027 0
 2028 0
 2029 0
 2030 0
 2031 0
 2032 0
 2033 0
 2034 0
 2035 0
 2036 0
 2037 0
 2038 0
 2039 0
 2040 0
 2041 0
 2042 0
 2043 0
 2044 0
 2045 0
 2046 0
 2047 0
