HC_S5FP_PASS_SUM.spe C:\MEXRF\results\HC_S5FP_PASS_SUM No_ID_found 
2047 15000 15012.01 1.414 29.6 0.7 239.63 0 0 0 
 1 0
 2 0
 3 0
 4 0
 5 0
 6 0
 7 0
 8 0
 9 0
 10 0
 11 0
 12 0
 13 0
 14 0
 15 0
 16 0
 17 59
 18 268
 19 337
 20 337
 21 348
 22 356
 23 352
 24 307
 25 302
 26 312
 27 322
 28 371
 29 316
 30 297
 31 344
 32 315
 33 307
 34 300
 35 294
 36 293
 37 244
 38 307
 39 292
 40 312
 41 273
 42 262
 43 272
 44 294
 45 262
 46 297
 47 274
 48 284
 49 291
 50 262
 51 296
 52 271
 53 252
 54 264
 55 247
 56 261
 57 260
 58 260
 59 290
 60 264
 61 273
 62 275
 63 280
 64 284
 65 264
 66 268
 67 261
 68 266
 69 246
 70 302
 71 261
 72 308
 73 274
 74 281
 75 264
 76 259
 77 261
 78 271
 79 266
 80 289
 81 271
 82 305
 83 323
 84 338
 85 394
 86 387
 87 397
 88 299
 89 299
 90 297
 91 318
 92 260
 93 301
 94 356
 95 332
 96 309
 97 305
 98 343
 99 319
 100 375
 101 385
 102 444
 103 654
 104 1392
 105 3077
 106 5661
 107 7759
 108 7470
 109 5279
 110 2763
 111 1079
 112 462
 113 365
 114 402
 115 489
 116 773
 117 1263
 118 1754
 119 1961
 120 1642
 121 1017
 122 528
 123 323
 124 301
 125 322
 126 291
 127 279
 128 327
 129 357
 130 373
 131 373
 132 378
 133 393
 134 405
 135 391
 136 418
 137 405
 138 420
 139 480
 140 462
 141 486
 142 556
 143 679
 144 875
 145 1291
 146 1666
 147 2237
 148 2558
 149 2403
 150 1914
 151 1329
 152 946
 153 758
 154 784
 155 725
 156 830
 157 1064
 158 1818
 159 3154
 160 5736
 161 8351
 162 10992
 163 11719
 164 10234
 165 7094
 166 3792
 167 1690
 168 763
 169 471
 170 380
 171 364
 172 356
 173 335
 174 326
 175 345
 176 374
 177 353
 178 358
 179 387
 180 381
 181 430
 182 477
 183 616
 184 868
 185 963
 186 1061
 187 926
 188 660
 189 560
 190 528
 191 531
 192 551
 193 540
 194 560
 195 596
 196 760
 197 1384
 198 2511
 199 3546
 200 4187
 201 3727
 202 2717
 203 1629
 204 923
 205 871
 206 1051
 207 1001
 208 927
 209 723
 210 473
 211 349
 212 298
 213 269
 214 280
 215 289
 216 281
 217 307
 218 291
 219 290
 220 281
 221 299
 222 290
 223 286
 224 266
 225 286
 226 293
 227 308
 228 322
 229 377
 230 319
 231 357
 232 390
 233 332
 234 358
 235 327
 236 336
 237 328
 238 341
 239 304
 240 362
 241 312
 242 340
 243 357
 244 354
 245 367
 246 375
 247 365
 248 366
 249 369
 250 369
 251 421
 252 405
 253 413
 254 422
 255 447
 256 480
 257 478
 258 518
 259 533
 260 518
 261 563
 262 579
 263 639
 264 635
 265 719
 266 789
 267 889
 268 907
 269 1126
 270 1258
 271 1285
 272 1432
 273 1575
 274 1706
 275 1868
 276 1896
 277 1992
 278 1949
 279 2164
 280 2366
 281 2392
 282 2597
 283 2862
 284 3223
 285 3795
 286 4467
 287 6365
 288 10996
 289 21238
 290 39759
 291 65139
 292 91947
 293 110707
 294 111139
 295 91373
 296 59327
 297 30515
 298 12546
 299 4570
 300 1747
 301 1046
 302 814
 303 749
 304 800
 305 898
 306 792
 307 827
 308 826
 309 811
 310 908
 311 863
 312 938
 313 956
 314 961
 315 1010
 316 1069
 317 1137
 318 1250
 319 1284
 320 1477
 321 1543
 322 1662
 323 1747
 324 1935
 325 2727
 326 4307
 327 8994
 328 18106
 329 31850
 330 43440
 331 47169
 332 39232
 333 26317
 334 15122
 335 9155
 336 8541
 337 9560
 338 9485
 339 7676
 340 4821
 341 2383
 342 1025
 343 469
 344 238
 345 169
 346 166
 347 150
 348 148
 349 149
 350 141
 351 145
 352 136
 353 134
 354 109
 355 135
 356 118
 357 119
 358 134
 359 124
 360 146
 361 151
 362 125
 363 125
 364 146
 365 122
 366 141
 367 108
 368 122
 369 124
 370 133
 371 127
 372 118
 373 119
 374 124
 375 126
 376 147
 377 129
 378 109
 379 119
 380 114
 381 115
 382 103
 383 110
 384 114
 385 154
 386 103
 387 108
 388 121
 389 115
 390 117
 391 110
 392 113
 393 105
 394 130
 395 105
 396 105
 397 124
 398 113
 399 99
 400 126
 401 103
 402 109
 403 120
 404 103
 405 94
 406 115
 407 120
 408 97
 409 112
 410 110
 411 123
 412 81
 413 138
 414 126
 415 119
 416 106
 417 101
 418 122
 419 113
 420 105
 421 104
 422 115
 423 124
 424 106
 425 121
 426 104
 427 111
 428 113
 429 109
 430 100
 431 133
 432 100
 433 101
 434 97
 435 91
 436 88
 437 103
 438 105
 439 96
 440 90
 441 109
 442 109
 443 108
 444 100
 445 108
 446 118
 447 99
 448 118
 449 94
 450 113
 451 116
 452 103
 453 113
 454 93
 455 92
 456 109
 457 108
 458 110
 459 110
 460 117
 461 89
 462 95
 463 117
 464 89
 465 111
 466 100
 467 106
 468 102
 469 96
 470 76
 471 112
 472 118
 473 90
 474 94
 475 95
 476 107
 477 105
 478 102
 479 110
 480 104
 481 109
 482 99
 483 90
 484 104
 485 98
 486 125
 487 96
 488 95
 489 97
 490 101
 491 111
 492 107
 493 93
 494 94
 495 79
 496 86
 497 105
 498 116
 499 84
 500 97
 501 98
 502 100
 503 91
 504 110
 505 98
 506 99
 507 86
 508 91
 509 90
 510 102
 511 95
 512 101
 513 99
 514 104
 515 113
 516 103
 517 93
 518 126
 519 104
 520 98
 521 101
 522 88
 523 87
 524 106
 525 113
 526 96
 527 87
 528 97
 529 105
 530 100
 531 86
 532 99
 533 94
 534 80
 535 112
 536 97
 537 113
 538 102
 539 95
 540 98
 541 91
 542 97
 543 83
 544 87
 545 82
 546 87
 547 123
 548 94
 549 94
 550 104
 551 109
 552 95
 553 99
 554 97
 555 102
 556 95
 557 88
 558 97
 559 106
 560 82
 561 113
 562 101
 563 106
 564 81
 565 103
 566 93
 567 102
 568 101
 569 80
 570 88
 571 82
 572 101
 573 97
 574 98
 575 96
 576 99
 577 79
 578 108
 579 106
 580 105
 581 107
 582 78
 583 105
 584 100
 585 96
 586 90
 587 90
 588 96
 589 115
 590 90
 591 90
 592 110
 593 118
 594 88
 595 106
 596 109
 597 89
 598 89
 599 103
 600 97
 601 113
 602 111
 603 114
 604 97
 605 102
 606 98
 607 85
 608 90
 609 79
 610 104
 611 76
 612 99
 613 80
 614 79
 615 108
 616 101
 617 98
 618 109
 619 100
 620 111
 621 82
 622 106
 623 107
 624 89
 625 96
 626 106
 627 104
 628 87
 629 102
 630 92
 631 101
 632 94
 633 106
 634 107
 635 98
 636 94
 637 100
 638 102
 639 115
 640 112
 641 125
 642 110
 643 108
 644 123
 645 108
 646 103
 647 107
 648 97
 649 123
 650 127
 651 121
 652 116
 653 128
 654 153
 655 115
 656 129
 657 142
 658 154
 659 126
 660 129
 661 130
 662 140
 663 120
 664 138
 665 113
 666 102
 667 114
 668 109
 669 126
 670 109
 671 96
 672 118
 673 98
 674 105
 675 127
 676 136
 677 112
 678 118
 679 126
 680 119
 681 125
 682 133
 683 126
 684 110
 685 111
 686 115
 687 126
 688 123
 689 126
 690 107
 691 130
 692 116
 693 119
 694 122
 695 105
 696 145
 697 108
 698 109
 699 118
 700 132
 701 140
 702 121
 703 126
 704 117
 705 125
 706 136
 707 120
 708 135
 709 106
 710 123
 711 114
 712 144
 713 125
 714 118
 715 158
 716 140
 717 141
 718 164
 719 140
 720 155
 721 150
 722 118
 723 143
 724 140
 725 119
 726 130
 727 160
 728 129
 729 131
 730 116
 731 141
 732 124
 733 135
 734 123
 735 150
 736 155
 737 115
 738 140
 739 125
 740 156
 741 155
 742 159
 743 160
 744 148
 745 162
 746 134
 747 152
 748 151
 749 146
 750 160
 751 150
 752 171
 753 152
 754 164
 755 144
 756 169
 757 167
 758 172
 759 169
 760 166
 761 181
 762 188
 763 175
 764 225
 765 307
 766 355
 767 448
 768 442
 769 414
 770 363
 771 268
 772 236
 773 211
 774 184
 775 163
 776 195
 777 129
 778 182
 779 212
 780 219
 781 250
 782 376
 783 555
 784 893
 785 1415
 786 2139
 787 2977
 788 3533
 789 3653
 790 3112
 791 2377
 792 1526
 793 833
 794 480
 795 273
 796 182
 797 135
 798 128
 799 129
 800 124
 801 137
 802 162
 803 136
 804 131
 805 140
 806 132
 807 137
 808 120
 809 145
 810 135
 811 133
 812 146
 813 161
 814 149
 815 140
 816 152
 817 146
 818 127
 819 156
 820 118
 821 136
 822 147
 823 127
 824 131
 825 145
 826 164
 827 155
 828 137
 829 165
 830 143
 831 148
 832 157
 833 148
 834 147
 835 167
 836 165
 837 136
 838 159
 839 160
 840 142
 841 131
 842 168
 843 165
 844 166
 845 158
 846 173
 847 170
 848 186
 849 167
 850 164
 851 178
 852 174
 853 185
 854 177
 855 150
 856 171
 857 198
 858 203
 859 207
 860 205
 861 212
 862 215
 863 207
 864 235
 865 266
 866 242
 867 249
 868 276
 869 275
 870 274
 871 274
 872 277
 873 272
 874 307
 875 302
 876 295
 877 332
 878 328
 879 312
 880 344
 881 335
 882 325
 883 404
 884 364
 885 405
 886 466
 887 487
 888 517
 889 540
 890 569
 891 557
 892 495
 893 479
 894 439
 895 426
 896 405
 897 365
 898 363
 899 350
 900 333
 901 337
 902 349
 903 334
 904 310
 905 322
 906 326
 907 341
 908 329
 909 354
 910 341
 911 354
 912 390
 913 375
 914 397
 915 384
 916 417
 917 371
 918 383
 919 354
 920 315
 921 347
 922 334
 923 336
 924 335
 925 341
 926 308
 927 316
 928 306
 929 333
 930 331
 931 311
 932 308
 933 338
 934 337
 935 307
 936 346
 937 314
 938 317
 939 335
 940 309
 941 307
 942 336
 943 323
 944 313
 945 307
 946 331
 947 314
 948 325
 949 303
 950 298
 951 307
 952 321
 953 340
 954 327
 955 301
 956 307
 957 297
 958 300
 959 344
 960 324
 961 314
 962 330
 963 316
 964 317
 965 313
 966 352
 967 349
 968 333
 969 313
 970 343
 971 302
 972 295
 973 292
 974 334
 975 333
 976 302
 977 310
 978 334
 979 324
 980 311
 981 344
 982 305
 983 278
 984 284
 985 308
 986 306
 987 302
 988 336
 989 319
 990 331
 991 356
 992 324
 993 331
 994 349
 995 344
 996 343
 997 321
 998 304
 999 322
 1000 346
 1001 293
 1002 310
 1003 321
 1004 312
 1005 306
 1006 357
 1007 315
 1008 305
 1009 348
 1010 342
 1011 319
 1012 347
 1013 342
 1014 314
 1015 323
 1016 361
 1017 390
 1018 361
 1019 377
 1020 378
 1021 385
 1022 370
 1023 345
 1024 372
 1025 397
 1026 343
 1027 367
 1028 327
 1029 371
 1030 393
 1031 438
 1032 475
 1033 507
 1034 545
 1035 597
 1036 562
 1037 482
 1038 447
 1039 418
 1040 402
 1041 371
 1042 362
 1043 356
 1044 357
 1045 369
 1046 354
 1047 362
 1048 386
 1049 372
 1050 318
 1051 360
 1052 376
 1053 390
 1054 352
 1055 390
 1056 352
 1057 378
 1058 379
 1059 375
 1060 371
 1061 415
 1062 374
 1063 363
 1064 353
 1065 374
 1066 361
 1067 385
 1068 374
 1069 396
 1070 370
 1071 375
 1072 342
 1073 376
 1074 395
 1075 373
 1076 405
 1077 400
 1078 394
 1079 374
 1080 374
 1081 394
 1082 390
 1083 407
 1084 389
 1085 391
 1086 409
 1087 373
 1088 393
 1089 384
 1090 385
 1091 379
 1092 406
 1093 396
 1094 392
 1095 414
 1096 379
 1097 375
 1098 410
 1099 389
 1100 377
 1101 417
 1102 406
 1103 429
 1104 398
 1105 373
 1106 406
 1107 407
 1108 369
 1109 386
 1110 408
 1111 390
 1112 391
 1113 383
 1114 375
 1115 384
 1116 398
 1117 379
 1118 371
 1119 402
 1120 402
 1121 397
 1122 407
 1123 353
 1124 382
 1125 380
 1126 406
 1127 388
 1128 364
 1129 388
 1130 445
 1131 399
 1132 392
 1133 357
 1134 382
 1135 394
 1136 373
 1137 406
 1138 368
 1139 412
 1140 363
 1141 356
 1142 396
 1143 392
 1144 400
 1145 366
 1146 358
 1147 344
 1148 381
 1149 385
 1150 349
 1151 342
 1152 386
 1153 401
 1154 369
 1155 387
 1156 485
 1157 737
 1158 1322
 1159 2880
 1160 6114
 1161 11664
 1162 20376
 1163 30848
 1164 41371
 1165 48488
 1166 49578
 1167 44371
 1168 34316
 1169 23525
 1170 13516
 1171 7125
 1172 3268
 1173 1309
 1174 543
 1175 232
 1176 154
 1177 148
 1178 133
 1179 115
 1180 148
 1181 140
 1182 126
 1183 122
 1184 120
 1185 139
 1186 126
 1187 118
 1188 132
 1189 124
 1190 131
 1191 115
 1192 123
 1193 117
 1194 115
 1195 134
 1196 141
 1197 115
 1198 112
 1199 130
 1200 122
 1201 125
 1202 128
 1203 129
 1204 112
 1205 126
 1206 115
 1207 174
 1208 123
 1209 121
 1210 133
 1211 134
 1212 131
 1213 120
 1214 131
 1215 122
 1216 122
 1217 141
 1218 135
 1219 120
 1220 137
 1221 122
 1222 135
 1223 111
 1224 130
 1225 122
 1226 135
 1227 123
 1228 128
 1229 117
 1230 122
 1231 144
 1232 145
 1233 123
 1234 128
 1235 131
 1236 156
 1237 148
 1238 150
 1239 142
 1240 115
 1241 155
 1242 119
 1243 149
 1244 125
 1245 148
 1246 147
 1247 178
 1248 160
 1249 220
 1250 294
 1251 300
 1252 334
 1253 390
 1254 382
 1255 353
 1256 341
 1257 284
 1258 233
 1259 168
 1260 153
 1261 156
 1262 147
 1263 137
 1264 132
 1265 126
 1266 127
 1267 128
 1268 158
 1269 153
 1270 124
 1271 137
 1272 130
 1273 129
 1274 120
 1275 131
 1276 134
 1277 130
 1278 136
 1279 124
 1280 121
 1281 136
 1282 130
 1283 146
 1284 134
 1285 146
 1286 120
 1287 159
 1288 148
 1289 132
 1290 145
 1291 156
 1292 137
 1293 170
 1294 126
 1295 153
 1296 164
 1297 182
 1298 202
 1299 263
 1300 337
 1301 410
 1302 468
 1303 539
 1304 591
 1305 522
 1306 408
 1307 381
 1308 285
 1309 236
 1310 190
 1311 177
 1312 151
 1313 160
 1314 148
 1315 175
 1316 150
 1317 164
 1318 147
 1319 135
 1320 139
 1321 146
 1322 151
 1323 137
 1324 115
 1325 124
 1326 134
 1327 141
 1328 138
 1329 149
 1330 131
 1331 150
 1332 120
 1333 152
 1334 124
 1335 122
 1336 117
 1337 129
 1338 163
 1339 152
 1340 159
 1341 125
 1342 136
 1343 123
 1344 144
 1345 132
 1346 113
 1347 140
 1348 136
 1349 153
 1350 111
 1351 140
 1352 129
 1353 162
 1354 136
 1355 125
 1356 129
 1357 141
 1358 109
 1359 121
 1360 144
 1361 124
 1362 123
 1363 140
 1364 121
 1365 134
 1366 122
 1367 126
 1368 139
 1369 117
 1370 144
 1371 144
 1372 160
 1373 143
 1374 169
 1375 193
 1376 149
 1377 156
 1378 143
 1379 144
 1380 154
 1381 141
 1382 130
 1383 124
 1384 135
 1385 148
 1386 132
 1387 137
 1388 130
 1389 119
 1390 146
 1391 129
 1392 137
 1393 124
 1394 134
 1395 130
 1396 128
 1397 146
 1398 126
 1399 113
 1400 132
 1401 136
 1402 122
 1403 145
 1404 157
 1405 145
 1406 139
 1407 132
 1408 118
 1409 136
 1410 119
 1411 144
 1412 146
 1413 135
 1414 111
 1415 133
 1416 137
 1417 140
 1418 126
 1419 109
 1420 145
 1421 144
 1422 139
 1423 140
 1424 130
 1425 141
 1426 124
 1427 130
 1428 117
 1429 158
 1430 116
 1431 144
 1432 122
 1433 120
 1434 125
 1435 142
 1436 147
 1437 156
 1438 133
 1439 157
 1440 140
 1441 138
 1442 125
 1443 133
 1444 147
 1445 132
 1446 137
 1447 139
 1448 168
 1449 143
 1450 142
 1451 142
 1452 170
 1453 133
 1454 143
 1455 172
 1456 126
 1457 144
 1458 150
 1459 175
 1460 178
 1461 195
 1462 197
 1463 210
 1464 193
 1465 156
 1466 166
 1467 168
 1468 163
 1469 155
 1470 192
 1471 199
 1472 229
 1473 202
 1474 230
 1475 247
 1476 211
 1477 192
 1478 164
 1479 167
 1480 179
 1481 148
 1482 145
 1483 148
 1484 115
 1485 137
 1486 117
 1487 141
 1488 142
 1489 139
 1490 141
 1491 139
 1492 132
 1493 142
 1494 147
 1495 166
 1496 147
 1497 137
 1498 131
 1499 137
 1500 129
 1501 131
 1502 135
 1503 133
 1504 153
 1505 163
 1506 140
 1507 109
 1508 156
 1509 130
 1510 140
 1511 162
 1512 169
 1513 142
 1514 182
 1515 195
 1516 168
 1517 162
 1518 181
 1519 154
 1520 155
 1521 161
 1522 143
 1523 137
 1524 145
 1525 140
 1526 138
 1527 151
 1528 158
 1529 157
 1530 142
 1531 155
 1532 144
 1533 146
 1534 121
 1535 130
 1536 145
 1537 137
 1538 141
 1539 142
 1540 120
 1541 141
 1542 149
 1543 137
 1544 130
 1545 134
 1546 152
 1547 142
 1548 140
 1549 144
 1550 148
 1551 140
 1552 137
 1553 119
 1554 150
 1555 165
 1556 128
 1557 127
 1558 151
 1559 106
 1560 144
 1561 129
 1562 128
 1563 167
 1564 136
 1565 151
 1566 152
 1567 137
 1568 139
 1569 130
 1570 124
 1571 138
 1572 141
 1573 134
 1574 137
 1575 146
 1576 114
 1577 137
 1578 143
 1579 139
 1580 149
 1581 128
 1582 131
 1583 142
 1584 152
 1585 124
 1586 132
 1587 138
 1588 151
 1589 137
 1590 153
 1591 153
 1592 147
 1593 139
 1594 139
 1595 115
 1596 112
 1597 146
 1598 132
 1599 146
 1600 145
 1601 131
 1602 145
 1603 138
 1604 160
 1605 118
 1606 131
 1607 152
 1608 134
 1609 130
 1610 136
 1611 137
 1612 147
 1613 146
 1614 126
 1615 140
 1616 128
 1617 111
 1618 120
 1619 136
 1620 120
 1621 136
 1622 134
 1623 144
 1624 132
 1625 146
 1626 149
 1627 154
 1628 145
 1629 148
 1630 145
 1631 138
 1632 145
 1633 125
 1634 147
 1635 129
 1636 116
 1637 124
 1638 135
 1639 132
 1640 148
 1641 149
 1642 137
 1643 136
 1644 138
 1645 115
 1646 131
 1647 129
 1648 136
 1649 137
 1650 136
 1651 123
 1652 145
 1653 140
 1654 119
 1655 124
 1656 142
 1657 143
 1658 142
 1659 120
 1660 132
 1661 129
 1662 133
 1663 148
 1664 136
 1665 144
 1666 122
 1667 125
 1668 130
 1669 117
 1670 128
 1671 128
 1672 141
 1673 113
 1674 140
 1675 149
 1676 150
 1677 158
 1678 112
 1679 128
 1680 120
 1681 132
 1682 149
 1683 120
 1684 120
 1685 131
 1686 122
 1687 121
 1688 126
 1689 133
 1690 119
 1691 127
 1692 131
 1693 140
 1694 143
 1695 119
 1696 121
 1697 123
 1698 124
 1699 130
 1700 147
 1701 144
 1702 153
 1703 120
 1704 139
 1705 107
 1706 120
 1707 142
 1708 132
 1709 131
 1710 125
 1711 134
 1712 117
 1713 114
 1714 130
 1715 124
 1716 144
 1717 113
 1718 122
 1719 122
 1720 111
 1721 150
 1722 141
 1723 121
 1724 147
 1725 124
 1726 125
 1727 156
 1728 141
 1729 147
 1730 126
 1731 122
 1732 135
 1733 151
 1734 137
 1735 120
 1736 120
 1737 126
 1738 141
 1739 105
 1740 131
 1741 122
 1742 127
 1743 123
 1744 146
 1745 131
 1746 123
 1747 135
 1748 118
 1749 134
 1750 144
 1751 138
 1752 144
 1753 123
 1754 114
 1755 103
 1756 127
 1757 127
 1758 140
 1759 109
 1760 129
 1761 120
 1762 128
 1763 127
 1764 122
 1765 135
 1766 135
 1767 121
 1768 129
 1769 151
 1770 125
 1771 126
 1772 136
 1773 100
 1774 131
 1775 124
 1776 163
 1777 142
 1778 108
 1779 122
 1780 127
 1781 108
 1782 131
 1783 110
 1784 134
 1785 102
 1786 128
 1787 112
 1788 126
 1789 118
 1790 126
 1791 114
 1792 106
 1793 152
 1794 122
 1795 117
 1796 130
 1797 123
 1798 109
 1799 127
 1800 123
 1801 119
 1802 119
 1803 128
 1804 133
 1805 120
 1806 103
 1807 105
 1808 139
 1809 140
 1810 129
 1811 115
 1812 119
 1813 116
 1814 117
 1815 119
 1816 111
 1817 111
 1818 119
 1819 107
 1820 125
 1821 106
 1822 118
 1823 131
 1824 139
 1825 135
 1826 115
 1827 106
 1828 120
 1829 113
 1830 127
 1831 98
 1832 126
 1833 125
 1834 120
 1835 131
 1836 127
 1837 132
 1838 108
 1839 115
 1840 117
 1841 103
 1842 101
 1843 121
 1844 106
 1845 109
 1846 116
 1847 120
 1848 104
 1849 135
 1850 123
 1851 103
 1852 122
 1853 110
 1854 109
 1855 128
 1856 97
 1857 127
 1858 99
 1859 102
 1860 110
 1861 104
 1862 117
 1863 117
 1864 121
 1865 142
 1866 135
 1867 124
 1868 99
 1869 115
 1870 121
 1871 120
 1872 119
 1873 125
 1874 114
 1875 116
 1876 124
 1877 111
 1878 136
 1879 109
 1880 122
 1881 126
 1882 96
 1883 101
 1884 131
 1885 120
 1886 126
 1887 121
 1888 107
 1889 113
 1890 100
 1891 110
 1892 83
 1893 119
 1894 112
 1895 104
 1896 112
 1897 118
 1898 126
 1899 112
 1900 114
 1901 129
 1902 119
 1903 107
 1904 106
 1905 110
 1906 112
 1907 104
 1908 102
 1909 128
 1910 120
 1911 95
 1912 111
 1913 105
 1914 105
 1915 113
 1916 120
 1917 127
 1918 109
 1919 126
 1920 103
 1921 97
 1922 106
 1923 108
 1924 111
 1925 121
 1926 101
 1927 122
 1928 107
 1929 99
 1930 94
 1931 127
 1932 105
 1933 108
 1934 123
 1935 103
 1936 106
 1937 100
 1938 103
 1939 119
 1940 112
 1941 112
 1942 101
 1943 119
 1944 111
 1945 121
 1946 106
 1947 103
 1948 110
 1949 111
 1950 110
 1951 88
 1952 92
 1953 103
 1954 112
 1955 109
 1956 111
 1957 96
 1958 96
 1959 93
 1960 117
 1961 109
 1962 108
 1963 113
 1964 96
 1965 100
 1966 97
 1967 86
 1968 98
 1969 116
 1970 102
 1971 118
 1972 93
 1973 104
 1974 102
 1975 114
 1976 102
 1977 131
 1978 109
 1979 113
 1980 86
 1981 93
 1982 109
 1983 102
 1984 105
 1985 109
 1986 102
 1987 104
 1988 110
 1989 99
 1990 117
 1991 86
 1992 99
 1993 121
 1994 116
 1995 113
 1996 110
 1997 92
 1998 102
 1999 101
 2000 98
 2001 97
 2002 105
 2003 111
 2004 110
 2005 117
 2006 108
 2007 107
 2008 83
 2009 95
 2010 84
 2011 96
 2012 104
 2013 92
 2014 101
 2015 100
 2016 97
 2017 106
 2018 89
 2019 91
 2020 102
 2021 88
 2022 93
 2023 115
 2024 91
 2025 101
 2026 97
 2027 111
 2028 89
 2029 87
 2030 112
 2031 85
 2032 113
 2033 104
 2034 96
 2035 102
 2036 97
 2037 86
 2038 83
 2039 109
 2040 77
 2041 100
 2042 109
 2043 94
 2044 88
 2045 99
 2046 91
 2047 106
 2048 108
