spec_fit_2
 1 7904473.6762839    1
 2 64986.1543940995    1
 3 1583.59565563736    1
 4 3128.8511562105    1
 5 -959.451601224153    1
 6 0    0
 7 0    0
 8 0    0
 9 0.159256884414268    1
 10 0.0016    1
 11 0    0
 12 0    0
 13 0    0
 14 1.84500379368542    1
 15 -0.34985530202042    1
 16 0.0756549301392155    1
 17 0.208584098121457    1
 18 0.126382667343743    1
 19 -6.01340081677289    1
 20 0.000912182752357077    1
 21 2    0
 22 0.21    0
 23 88.034    0
 24 17150.1833677284    1
 25 0.567273291950624    1
 26 0    0
 27 0    0
 28 151.004541670098    1
 29 0.995532378872506    1
 30 25544768889.5105    1
 31 2.6732509736071    1
 32 86    0
 33 105.371089427629    0
 34 0.000102093192174132    1
 35 -0.000101921414092706    1
 36 3.33825834345134    1
 37 0.000214999429766417    0
 38 0.472588888374608    0
 39 0    0
 40 0    0
 41 0.148653948722475    1
 42 14230.8593222351    1
