GB_S1_4K_XRF_R003.spe C:\MEXRF\results\GB_S1_4K_XRF_R003 No_ID_found 01-01-65 12:00
4095 2000 2240.77 0 26.7 0.7 239.63 0 0 0 
 0 0
 1 0
 2 0
 3 0
 4 0
 5 0
 6 0
 7 0
 8 0
 9 0
 10 0
 11 0
 12 0
 13 0
 14 0
 15 0
 16 0
 17 0
 18 0
 19 0
 20 0
 21 0
 22 0
 23 0
 24 0
 25 0
 26 0
 27 0
 28 0
 29 0
 30 0
 31 0
 32 0
 33 0
 34 0
 35 0
 36 0
 37 0
 38 0
 39 0
 40 0
 41 0
 42 0
 43 0
 44 0
 45 0
 46 0
 47 0
 48 0
 49 0
 50 0
 51 0
 52 0
 53 0
 54 0
 55 0
 56 0
 57 0
 58 0
 59 0
 60 0
 61 0
 62 0
 63 0
 64 0
 65 0
 66 0
 67 0
 68 0
 69 0
 70 0
 71 0
 72 0
 73 0
 74 0
 75 0
 76 0
 77 0
 78 0
 79 0
 80 0
 81 0
 82 0
 83 0
 84 0
 85 0
 86 0
 87 0
 88 0
 89 0
 90 0
 91 0
 92 0
 93 1
 94 0
 95 2
 96 2
 97 1
 98 3
 99 4
 100 10
 101 20
 102 30
 103 32
 104 58
 105 79
 106 136
 107 187
 108 191
 109 241
 110 245
 111 251
 112 280
 113 300
 114 384
 115 394
 116 397
 117 404
 118 472
 119 519
 120 578
 121 706
 122 824
 123 1032
 124 1175
 125 1373
 126 1424
 127 1482
 128 1538
 129 1580
 130 1612
 131 1511
 132 1623
 133 1595
 134 1596
 135 1610
 136 1588
 137 1600
 138 1556
 139 1613
 140 1562
 141 1552
 142 1559
 143 1601
 144 1600
 145 1523
 146 1597
 147 1581
 148 1512
 149 1534
 150 1560
 151 1462
 152 1654
 153 1530
 154 1567
 155 1528
 156 1531
 157 1537
 158 1525
 159 1522
 160 1573
 161 1535
 162 1526
 163 1547
 164 1539
 165 1465
 166 1477
 167 1511
 168 1438
 169 1487
 170 1487
 171 1515
 172 1423
 173 1433
 174 1437
 175 1457
 176 1409
 177 1477
 178 1462
 179 1498
 180 1413
 181 1398
 182 1453
 183 1429
 184 1503
 185 1498
 186 1542
 187 1410
 188 1417
 189 1449
 190 1469
 191 1387
 192 1449
 193 1397
 194 1414
 195 1437
 196 1410
 197 1427
 198 1424
 199 1351
 200 1371
 201 1346
 202 1398
 203 1417
 204 1408
 205 1368
 206 1415
 207 1433
 208 1404
 209 1359
 210 1348
 211 1373
 212 1396
 213 1385
 214 1337
 215 1412
 216 1351
 217 1368
 218 1425
 219 1295
 220 1338
 221 1377
 222 1353
 223 1365
 224 1387
 225 1381
 226 1346
 227 1335
 228 1375
 229 1368
 230 1376
 231 1401
 232 1412
 233 1378
 234 1365
 235 1332
 236 1299
 237 1356
 238 1329
 239 1315
 240 1334
 241 1384
 242 1381
 243 1358
 244 1365
 245 1387
 246 1353
 247 1324
 248 1386
 249 1363
 250 1358
 251 1402
 252 1336
 253 1358
 254 1366
 255 1399
 256 1344
 257 1347
 258 1350
 259 1345
 260 1369
 261 1381
 262 1333
 263 1419
 264 1364
 265 1416
 266 1390
 267 1412
 268 1413
 269 1304
 270 1356
 271 1406
 272 1350
 273 1467
 274 1351
 275 1412
 276 1375
 277 1413
 278 1385
 279 1398
 280 1363
 281 1380
 282 1368
 283 1338
 284 1451
 285 1392
 286 1426
 287 1454
 288 1443
 289 1427
 290 1460
 291 1433
 292 1474
 293 1440
 294 1517
 295 1516
 296 1527
 297 1536
 298 1470
 299 1444
 300 1552
 301 1535
 302 1562
 303 1497
 304 1539
 305 1546
 306 1591
 307 1613
 308 1609
 309 1515
 310 1534
 311 1604
 312 1534
 313 1589
 314 1545
 315 1642
 316 1625
 317 1575
 318 1659
 319 1634
 320 1720
 321 1797
 322 1796
 323 1812
 324 1864
 325 1791
 326 1853
 327 1832
 328 1789
 329 1685
 330 1738
 331 1665
 332 1608
 333 1700
 334 1640
 335 1635
 336 1639
 337 1591
 338 1642
 339 1670
 340 1631
 341 1599
 342 1651
 343 1668
 344 1675
 345 1692
 346 1628
 347 1622
 348 1596
 349 1679
 350 1692
 351 1605
 352 1566
 353 1653
 354 1518
 355 1576
 356 1679
 357 1664
 358 1630
 359 1631
 360 1672
 361 1640
 362 1684
 363 1717
 364 1652
 365 1773
 366 1714
 367 1690
 368 1734
 369 1622
 370 1724
 371 1731
 372 1718
 373 1798
 374 1714
 375 1795
 376 1722
 377 1697
 378 1740
 379 1754
 380 1732
 381 1732
 382 1722
 383 1801
 384 1789
 385 1860
 386 1746
 387 1742
 388 1742
 389 1787
 390 1778
 391 1803
 392 1785
 393 1902
 394 1791
 395 1865
 396 1952
 397 1858
 398 1881
 399 1843
 400 1854
 401 1869
 402 1861
 403 1907
 404 1861
 405 1727
 406 1844
 407 1832
 408 1794
 409 1916
 410 1789
 411 1836
 412 1877
 413 1854
 414 1944
 415 1892
 416 1859
 417 1895
 418 1767
 419 1845
 420 1886
 421 1817
 422 1877
 423 1764
 424 1832
 425 1882
 426 1815
 427 1852
 428 1935
 429 1862
 430 1885
 431 1918
 432 1900
 433 1960
 434 1937
 435 1856
 436 1873
 437 2023
 438 1861
 439 1921
 440 1891
 441 1924
 442 1894
 443 1942
 444 1981
 445 1892
 446 1943
 447 1925
 448 1976
 449 1901
 450 1980
 451 1874
 452 1979
 453 1960
 454 1931
 455 1951
 456 1895
 457 2000
 458 1921
 459 2063
 460 1972
 461 1940
 462 2038
 463 2058
 464 2046
 465 2009
 466 1989
 467 2033
 468 1904
 469 1954
 470 1981
 471 2006
 472 2035
 473 2053
 474 2027
 475 2065
 476 1999
 477 2060
 478 2094
 479 2072
 480 1958
 481 2045
 482 2174
 483 2035
 484 2013
 485 2064
 486 2093
 487 2084
 488 2004
 489 2057
 490 2125
 491 2037
 492 2062
 493 2129
 494 2130
 495 2022
 496 2077
 497 2142
 498 2061
 499 2082
 500 2077
 501 2011
 502 2072
 503 2113
 504 2094
 505 2093
 506 2089
 507 2074
 508 2073
 509 2101
 510 2076
 511 2098
 512 2151
 513 2077
 514 2121
 515 2187
 516 2040
 517 2138
 518 2149
 519 2175
 520 2185
 521 2119
 522 2192
 523 2109
 524 2104
 525 2225
 526 2035
 527 2147
 528 2178
 529 2114
 530 2130
 531 2204
 532 2194
 533 2158
 534 2141
 535 2147
 536 2211
 537 2102
 538 2199
 539 2228
 540 2266
 541 2172
 542 2140
 543 2264
 544 2182
 545 2210
 546 2220
 547 2285
 548 2395
 549 2195
 550 2274
 551 2270
 552 2337
 553 2248
 554 2320
 555 2235
 556 2265
 557 2208
 558 2280
 559 2274
 560 2365
 561 2315
 562 2336
 563 2234
 564 2268
 565 2330
 566 2377
 567 2343
 568 2427
 569 2465
 570 2446
 571 2502
 572 2543
 573 2576
 574 2714
 575 2812
 576 2793
 577 3144
 578 3323
 579 3687
 580 3930
 581 4203
 582 4509
 583 4916
 584 5151
 585 5153
 586 5265
 587 5234
 588 4961
 589 4702
 590 4275
 591 3775
 592 3400
 593 3073
 594 2899
 595 2626
 596 2517
 597 2531
 598 2408
 599 2477
 600 2430
 601 2304
 602 2429
 603 2374
 604 2444
 605 2401
 606 2407
 607 2384
 608 2356
 609 2431
 610 2405
 611 2323
 612 2208
 613 2303
 614 2337
 615 2351
 616 2446
 617 2363
 618 2252
 619 2348
 620 2280
 621 2328
 622 2349
 623 2327
 624 2397
 625 2308
 626 2348
 627 2336
 628 2329
 629 2337
 630 2359
 631 2445
 632 2451
 633 2429
 634 2381
 635 2447
 636 2573
 637 2549
 638 2485
 639 2549
 640 2567
 641 2584
 642 2577
 643 2514
 644 2491
 645 2413
 646 2537
 647 2426
 648 2562
 649 2534
 650 2535
 651 2563
 652 2724
 653 2749
 654 2947
 655 3141
 656 3203
 657 3341
 658 3608
 659 3831
 660 3792
 661 3674
 662 3770
 663 3624
 664 3324
 665 2986
 666 2949
 667 2772
 668 2639
 669 2573
 670 2527
 671 2580
 672 2508
 673 2462
 674 2531
 675 2531
 676 2536
 677 2526
 678 2407
 679 2334
 680 2355
 681 2243
 682 2202
 683 2183
 684 2158
 685 2163
 686 2183
 687 2108
 688 2155
 689 2204
 690 2168
 691 2082
 692 2043
 693 2086
 694 2017
 695 2022
 696 2040
 697 2005
 698 2071
 699 2010
 700 2021
 701 2013
 702 2055
 703 2071
 704 1914
 705 1949
 706 1979
 707 2001
 708 1948
 709 1963
 710 1958
 711 2004
 712 1934
 713 1989
 714 1907
 715 1849
 716 1921
 717 1959
 718 1935
 719 1905
 720 1847
 721 1863
 722 1879
 723 1927
 724 1887
 725 1836
 726 1935
 727 1751
 728 1772
 729 1764
 730 1811
 731 1795
 732 1697
 733 1743
 734 1712
 735 1654
 736 1702
 737 1693
 738 1734
 739 1715
 740 1737
 741 1641
 742 1613
 743 1693
 744 1639
 745 1548
 746 1564
 747 1548
 748 1547
 749 1579
 750 1598
 751 1550
 752 1519
 753 1530
 754 1549
 755 1510
 756 1508
 757 1423
 758 1482
 759 1508
 760 1512
 761 1473
 762 1519
 763 1474
 764 1489
 765 1471
 766 1422
 767 1415
 768 1384
 769 1394
 770 1426
 771 1451
 772 1423
 773 1437
 774 1394
 775 1429
 776 1456
 777 1378
 778 1386
 779 1378
 780 1359
 781 1362
 782 1363
 783 1308
 784 1348
 785 1327
 786 1311
 787 1382
 788 1341
 789 1379
 790 1278
 791 1287
 792 1362
 793 1289
 794 1271
 795 1267
 796 1230
 797 1270
 798 1316
 799 1253
 800 1293
 801 1306
 802 1239
 803 1236
 804 1188
 805 1282
 806 1194
 807 1267
 808 1187
 809 1168
 810 1192
 811 1212
 812 1227
 813 1225
 814 1250
 815 1186
 816 1223
 817 1228
 818 1136
 819 1157
 820 1139
 821 1192
 822 1100
 823 1126
 824 1158
 825 1124
 826 1148
 827 1156
 828 1127
 829 1162
 830 1141
 831 1162
 832 1110
 833 1094
 834 1144
 835 1081
 836 1161
 837 1110
 838 1064
 839 1074
 840 1042
 841 1125
 842 1065
 843 1076
 844 1109
 845 1097
 846 1093
 847 1015
 848 1097
 849 1045
 850 1048
 851 1046
 852 1045
 853 1018
 854 1022
 855 1028
 856 1073
 857 1039
 858 1014
 859 1052
 860 998
 861 1002
 862 1066
 863 969
 864 982
 865 981
 866 972
 867 992
 868 1039
 869 1008
 870 1016
 871 992
 872 991
 873 1009
 874 928
 875 976
 876 976
 877 920
 878 958
 879 944
 880 937
 881 885
 882 958
 883 946
 884 868
 885 930
 886 904
 887 866
 888 872
 889 906
 890 891
 891 913
 892 861
 893 879
 894 885
 895 890
 896 851
 897 883
 898 826
 899 856
 900 850
 901 872
 902 837
 903 853
 904 852
 905 809
 906 819
 907 792
 908 891
 909 729
 910 771
 911 876
 912 824
 913 807
 914 765
 915 789
 916 765
 917 848
 918 738
 919 767
 920 797
 921 799
 922 783
 923 775
 924 805
 925 761
 926 786
 927 764
 928 665
 929 752
 930 719
 931 761
 932 747
 933 698
 934 703
 935 703
 936 677
 937 716
 938 696
 939 656
 940 764
 941 749
 942 694
 943 690
 944 689
 945 654
 946 642
 947 693
 948 653
 949 653
 950 641
 951 618
 952 602
 953 650
 954 693
 955 658
 956 602
 957 637
 958 615
 959 637
 960 619
 961 615
 962 599
 963 623
 964 593
 965 554
 966 617
 967 595
 968 609
 969 621
 970 543
 971 632
 972 531
 973 633
 974 554
 975 574
 976 541
 977 581
 978 536
 979 560
 980 519
 981 592
 982 556
 983 547
 984 526
 985 554
 986 547
 987 500
 988 566
 989 510
 990 513
 991 520
 992 527
 993 534
 994 530
 995 477
 996 539
 997 576
 998 495
 999 527
 1000 532
 1001 509
 1002 490
 1003 483
 1004 490
 1005 508
 1006 488
 1007 440
 1008 489
 1009 521
 1010 512
 1011 521
 1012 505
 1013 506
 1014 463
 1015 493
 1016 485
 1017 456
 1018 529
 1019 487
 1020 486
 1021 484
 1022 483
 1023 509
 1024 475
 1025 472
 1026 457
 1027 469
 1028 466
 1029 443
 1030 458
 1031 473
 1032 456
 1033 427
 1034 460
 1035 457
 1036 443
 1037 440
 1038 411
 1039 434
 1040 430
 1041 434
 1042 431
 1043 420
 1044 462
 1045 409
 1046 440
 1047 399
 1048 448
 1049 409
 1050 390
 1051 391
 1052 466
 1053 435
 1054 359
 1055 435
 1056 425
 1057 393
 1058 424
 1059 392
 1060 422
 1061 419
 1062 394
 1063 430
 1064 362
 1065 390
 1066 402
 1067 396
 1068 381
 1069 400
 1070 396
 1071 418
 1072 420
 1073 376
 1074 398
 1075 395
 1076 390
 1077 405
 1078 408
 1079 437
 1080 397
 1081 412
 1082 378
 1083 380
 1084 387
 1085 414
 1086 369
 1087 399
 1088 357
 1089 349
 1090 396
 1091 373
 1092 339
 1093 381
 1094 407
 1095 377
 1096 379
 1097 370
 1098 352
 1099 356
 1100 370
 1101 379
 1102 389
 1103 371
 1104 364
 1105 346
 1106 354
 1107 354
 1108 382
 1109 383
 1110 367
 1111 371
 1112 357
 1113 389
 1114 372
 1115 374
 1116 349
 1117 333
 1118 349
 1119 386
 1120 372
 1121 376
 1122 376
 1123 329
 1124 346
 1125 370
 1126 359
 1127 360
 1128 387
 1129 341
 1130 368
 1131 371
 1132 369
 1133 372
 1134 375
 1135 377
 1136 370
 1137 344
 1138 335
 1139 349
 1140 329
 1141 350
 1142 385
 1143 359
 1144 348
 1145 319
 1146 349
 1147 321
 1148 349
 1149 343
 1150 347
 1151 352
 1152 349
 1153 347
 1154 349
 1155 389
 1156 333
 1157 360
 1158 361
 1159 352
 1160 348
 1161 350
 1162 342
 1163 353
 1164 351
 1165 341
 1166 342
 1167 355
 1168 388
 1169 346
 1170 363
 1171 335
 1172 327
 1173 347
 1174 358
 1175 370
 1176 329
 1177 390
 1178 378
 1179 347
 1180 324
 1181 316
 1182 335
 1183 329
 1184 357
 1185 344
 1186 344
 1187 361
 1188 323
 1189 339
 1190 340
 1191 331
 1192 349
 1193 364
 1194 376
 1195 321
 1196 364
 1197 315
 1198 334
 1199 339
 1200 365
 1201 343
 1202 365
 1203 353
 1204 328
 1205 341
 1206 340
 1207 367
 1208 356
 1209 342
 1210 351
 1211 344
 1212 336
 1213 341
 1214 358
 1215 343
 1216 358
 1217 327
 1218 353
 1219 385
 1220 338
 1221 382
 1222 367
 1223 393
 1224 364
 1225 327
 1226 364
 1227 371
 1228 347
 1229 366
 1230 358
 1231 315
 1232 371
 1233 342
 1234 379
 1235 394
 1236 396
 1237 358
 1238 356
 1239 350
 1240 370
 1241 400
 1242 353
 1243 360
 1244 378
 1245 413
 1246 370
 1247 361
 1248 433
 1249 409
 1250 403
 1251 391
 1252 382
 1253 419
 1254 389
 1255 406
 1256 442
 1257 403
 1258 429
 1259 434
 1260 467
 1261 429
 1262 420
 1263 467
 1264 467
 1265 443
 1266 490
 1267 515
 1268 469
 1269 514
 1270 489
 1271 555
 1272 491
 1273 512
 1274 486
 1275 557
 1276 536
 1277 575
 1278 560
 1279 563
 1280 559
 1281 529
 1282 615
 1283 551
 1284 608
 1285 592
 1286 622
 1287 591
 1288 631
 1289 608
 1290 604
 1291 615
 1292 579
 1293 595
 1294 627
 1295 618
 1296 637
 1297 630
 1298 639
 1299 646
 1300 639
 1301 621
 1302 658
 1303 665
 1304 605
 1305 624
 1306 640
 1307 684
 1308 605
 1309 637
 1310 614
 1311 623
 1312 626
 1313 653
 1314 623
 1315 631
 1316 602
 1317 636
 1318 594
 1319 616
 1320 651
 1321 582
 1322 617
 1323 619
 1324 583
 1325 593
 1326 562
 1327 603
 1328 600
 1329 581
 1330 614
 1331 603
 1332 629
 1333 608
 1334 602
 1335 617
 1336 607
 1337 632
 1338 620
 1339 619
 1340 618
 1341 610
 1342 612
 1343 630
 1344 592
 1345 620
 1346 649
 1347 595
 1348 650
 1349 665
 1350 668
 1351 640
 1352 698
 1353 720
 1354 681
 1355 684
 1356 714
 1357 758
 1358 681
 1359 748
 1360 739
 1361 729
 1362 712
 1363 735
 1364 701
 1365 715
 1366 699
 1367 751
 1368 737
 1369 790
 1370 776
 1371 775
 1372 785
 1373 806
 1374 776
 1375 814
 1376 806
 1377 810
 1378 818
 1379 855
 1380 837
 1381 870
 1382 930
 1383 876
 1384 948
 1385 916
 1386 916
 1387 890
 1388 919
 1389 915
 1390 946
 1391 958
 1392 954
 1393 986
 1394 984
 1395 980
 1396 1016
 1397 1011
 1398 1007
 1399 1010
 1400 1017
 1401 1035
 1402 1087
 1403 1055
 1404 1150
 1405 1153
 1406 1154
 1407 1190
 1408 1242
 1409 1247
 1410 1163
 1411 1259
 1412 1270
 1413 1267
 1414 1331
 1415 1339
 1416 1341
 1417 1408
 1418 1368
 1419 1477
 1420 1563
 1421 1541
 1422 1490
 1423 1614
 1424 1599
 1425 1542
 1426 1656
 1427 1646
 1428 1617
 1429 1710
 1430 1712
 1431 1786
 1432 1755
 1433 1730
 1434 1736
 1435 1713
 1436 1790
 1437 1778
 1438 1829
 1439 1791
 1440 1784
 1441 1799
 1442 1753
 1443 1803
 1444 1919
 1445 1811
 1446 1863
 1447 1784
 1448 1899
 1449 1908
 1450 1759
 1451 1832
 1452 1866
 1453 1949
 1454 1893
 1455 1894
 1456 1841
 1457 1884
 1458 1962
 1459 1963
 1460 1884
 1461 1902
 1462 1887
 1463 1956
 1464 2004
 1465 2008
 1466 1942
 1467 2019
 1468 1941
 1469 2002
 1470 1994
 1471 1962
 1472 2013
 1473 2019
 1474 2025
 1475 2046
 1476 2052
 1477 2042
 1478 2084
 1479 2082
 1480 2136
 1481 1993
 1482 2019
 1483 2119
 1484 2066
 1485 2064
 1486 2203
 1487 2110
 1488 2070
 1489 2052
 1490 2067
 1491 2177
 1492 2164
 1493 2069
 1494 2182
 1495 2152
 1496 2148
 1497 2306
 1498 2195
 1499 2178
 1500 2276
 1501 2217
 1502 2291
 1503 2243
 1504 2272
 1505 2166
 1506 2333
 1507 2322
 1508 2287
 1509 2404
 1510 2358
 1511 2286
 1512 2424
 1513 2404
 1514 2510
 1515 2451
 1516 2440
 1517 2566
 1518 2606
 1519 2603
 1520 2759
 1521 2662
 1522 2911
 1523 2854
 1524 3066
 1525 3175
 1526 3391
 1527 3582
 1528 3898
 1529 4222
 1530 4578
 1531 4724
 1532 5178
 1533 5485
 1534 5524
 1535 5559
 1536 5501
 1537 5289
 1538 5006
 1539 4631
 1540 4487
 1541 4187
 1542 3862
 1543 3759
 1544 3468
 1545 3439
 1546 3323
 1547 3309
 1548 3372
 1549 3292
 1550 3523
 1551 3425
 1552 3499
 1553 3518
 1554 3635
 1555 3667
 1556 3744
 1557 3969
 1558 4083
 1559 4381
 1560 4714
 1561 4970
 1562 5561
 1563 6135
 1564 6760
 1565 7388
 1566 8308
 1567 8873
 1568 9938
 1569 10588
 1570 11048
 1571 11283
 1572 11561
 1573 11474
 1574 11363
 1575 11512
 1576 10784
 1577 10056
 1578 9257
 1579 8547
 1580 7651
 1581 7064
 1582 6349
 1583 5605
 1584 5337
 1585 5101
 1586 4749
 1587 4664
 1588 4456
 1589 4384
 1590 4319
 1591 4372
 1592 4234
 1593 4202
 1594 4285
 1595 4274
 1596 4329
 1597 4404
 1598 4365
 1599 4382
 1600 4198
 1601 4335
 1602 4288
 1603 4293
 1604 4308
 1605 4443
 1606 4518
 1607 4484
 1608 4292
 1609 4401
 1610 4472
 1611 4497
 1612 4476
 1613 4692
 1614 4562
 1615 4616
 1616 4784
 1617 4741
 1618 4666
 1619 4873
 1620 4833
 1621 4675
 1622 4929
 1623 5055
 1624 4995
 1625 4914
 1626 5017
 1627 5028
 1628 5105
 1629 5129
 1630 5142
 1631 5112
 1632 5232
 1633 5115
 1634 5166
 1635 5219
 1636 5262
 1637 5454
 1638 5472
 1639 5435
 1640 5482
 1641 5661
 1642 5583
 1643 5548
 1644 5500
 1645 5518
 1646 5808
 1647 5782
 1648 5901
 1649 5905
 1650 5822
 1651 5883
 1652 6078
 1653 5916
 1654 5991
 1655 6066
 1656 6204
 1657 6136
 1658 6274
 1659 6167
 1660 6269
 1661 6288
 1662 6467
 1663 6330
 1664 6554
 1665 6567
 1666 6537
 1667 6574
 1668 6608
 1669 6570
 1670 6694
 1671 6828
 1672 6831
 1673 6770
 1674 6808
 1675 7051
 1676 6947
 1677 6912
 1678 6912
 1679 7034
 1680 7031
 1681 7187
 1682 7200
 1683 7208
 1684 7268
 1685 7422
 1686 7430
 1687 7461
 1688 7491
 1689 7427
 1690 7597
 1691 7613
 1692 7813
 1693 7858
 1694 7728
 1695 7731
 1696 7657
 1697 7791
 1698 7831
 1699 8030
 1700 8046
 1701 8005
 1702 8151
 1703 8180
 1704 8119
 1705 8175
 1706 8248
 1707 8415
 1708 8269
 1709 8409
 1710 8524
 1711 8484
 1712 8548
 1713 8345
 1714 8637
 1715 8427
 1716 8559
 1717 8696
 1718 8748
 1719 8611
 1720 8900
 1721 8991
 1722 8947
 1723 9056
 1724 8998
 1725 8994
 1726 9053
 1727 9143
 1728 9083
 1729 9298
 1730 9296
 1731 9435
 1732 9365
 1733 9329
 1734 9621
 1735 9671
 1736 9679
 1737 9779
 1738 9699
 1739 9886
 1740 9994
 1741 9749
 1742 9792
 1743 10168
 1744 9834
 1745 9923
 1746 10084
 1747 10119
 1748 10143
 1749 10280
 1750 10416
 1751 10529
 1752 10382
 1753 10438
 1754 10541
 1755 10801
 1756 10779
 1757 10925
 1758 10977
 1759 10860
 1760 10980
 1761 11171
 1762 11215
 1763 11306
 1764 11440
 1765 11438
 1766 11856
 1767 11912
 1768 12117
 1769 12259
 1770 12513
 1771 12857
 1772 12701
 1773 13038
 1774 13262
 1775 13282
 1776 13522
 1777 13442
 1778 13458
 1779 13395
 1780 13730
 1781 13790
 1782 13535
 1783 13177
 1784 13253
 1785 13221
 1786 12841
 1787 13021
 1788 12720
 1789 12831
 1790 12705
 1791 12753
 1792 12771
 1793 12749
 1794 12888
 1795 12899
 1796 13104
 1797 12915
 1798 12777
 1799 12941
 1800 13031
 1801 13073
 1802 13049
 1803 12976
 1804 13063
 1805 13351
 1806 13375
 1807 13386
 1808 13543
 1809 13563
 1810 13765
 1811 13690
 1812 13623
 1813 13757
 1814 13804
 1815 13921
 1816 13913
 1817 13931
 1818 14155
 1819 14443
 1820 14291
 1821 14455
 1822 14671
 1823 14898
 1824 14857
 1825 14938
 1826 14895
 1827 15251
 1828 15214
 1829 15354
 1830 15201
 1831 15284
 1832 15209
 1833 15339
 1834 15424
 1835 15306
 1836 15237
 1837 15259
 1838 15385
 1839 15486
 1840 15292
 1841 15526
 1842 15204
 1843 15572
 1844 15611
 1845 15638
 1846 15622
 1847 15515
 1848 15613
 1849 15630
 1850 15818
 1851 15646
 1852 15918
 1853 15889
 1854 15924
 1855 15843
 1856 15962
 1857 16215
 1858 16063
 1859 16354
 1860 16529
 1861 16410
 1862 16441
 1863 16419
 1864 16529
 1865 16567
 1866 16936
 1867 16756
 1868 16853
 1869 16664
 1870 17008
 1871 16969
 1872 17183
 1873 17078
 1874 17251
 1875 17442
 1876 17250
 1877 17449
 1878 17324
 1879 17375
 1880 17486
 1881 17403
 1882 17632
 1883 17591
 1884 17641
 1885 18251
 1886 17914
 1887 17998
 1888 18150
 1889 18186
 1890 18287
 1891 18297
 1892 18317
 1893 18437
 1894 18707
 1895 18453
 1896 18703
 1897 18539
 1898 18752
 1899 18877
 1900 18755
 1901 19061
 1902 18866
 1903 19348
 1904 18998
 1905 18936
 1906 19080
 1907 18923
 1908 18955
 1909 19298
 1910 19664
 1911 19284
 1912 19368
 1913 19663
 1914 19636
 1915 19555
 1916 19723
 1917 19866
 1918 19788
 1919 19644
 1920 19883
 1921 20101
 1922 19942
 1923 19919
 1924 20105
 1925 20478
 1926 20418
 1927 20356
 1928 20503
 1929 20748
 1930 20496
 1931 20654
 1932 20648
 1933 20603
 1934 20765
 1935 20880
 1936 20777
 1937 20628
 1938 21099
 1939 20642
 1940 20892
 1941 20941
 1942 21133
 1943 21173
 1944 21371
 1945 21302
 1946 21299
 1947 21542
 1948 21320
 1949 21443
 1950 21677
 1951 21674
 1952 21542
 1953 21663
 1954 21769
 1955 21970
 1956 21679
 1957 21954
 1958 22019
 1959 22090
 1960 21955
 1961 22227
 1962 22127
 1963 22224
 1964 22188
 1965 22214
 1966 22346
 1967 22382
 1968 22513
 1969 22397
 1970 22471
 1971 22405
 1972 22831
 1973 22438
 1974 22994
 1975 22929
 1976 22639
 1977 23259
 1978 22981
 1979 23119
 1980 22934
 1981 23170
 1982 23406
 1983 23585
 1984 23357
 1985 23248
 1986 23375
 1987 23541
 1988 23633
 1989 23638
 1990 23243
 1991 23296
 1992 23780
 1993 23719
 1994 23678
 1995 23811
 1996 23792
 1997 23945
 1998 23894
 1999 23707
 2000 24120
 2001 23861
 2002 23757
 2003 24172
 2004 24002
 2005 24044
 2006 23993
 2007 24508
 2008 24151
 2009 24271
 2010 24124
 2011 24086
 2012 24187
 2013 24464
 2014 24223
 2015 24499
 2016 24743
 2017 24787
 2018 24739
 2019 24633
 2020 24467
 2021 24571
 2022 24877
 2023 24746
 2024 24628
 2025 24853
 2026 24882
 2027 24961
 2028 25099
 2029 25105
 2030 25213
 2031 25037
 2032 25258
 2033 25392
 2034 25255
 2035 25090
 2036 25141
 2037 25573
 2038 25683
 2039 25025
 2040 25472
 2041 25709
 2042 25549
 2043 25301
 2044 25756
 2045 25456
 2046 25522
 2047 25784
 2048 25784
 2049 25692
 2050 25827
 2051 25863
 2052 25903
 2053 25809
 2054 26299
 2055 25884
 2056 25793
 2057 26078
 2058 26081
 2059 25954
 2060 25990
 2061 26310
 2062 25914
 2063 26405
 2064 26362
 2065 26246
 2066 26260
 2067 26603
 2068 26335
 2069 26471
 2070 26299
 2071 26385
 2072 26352
 2073 26675
 2074 26425
 2075 26589
 2076 26538
 2077 26955
 2078 26541
 2079 26865
 2080 26735
 2081 26638
 2082 27009
 2083 26797
 2084 26737
 2085 26586
 2086 27128
 2087 26935
 2088 26903
 2089 26780
 2090 26915
 2091 26999
 2092 27031
 2093 26883
 2094 27209
 2095 27073
 2096 27015
 2097 27488
 2098 26909
 2099 26999
 2100 27209
 2101 27486
 2102 26939
 2103 27124
 2104 27287
 2105 27021
 2106 27016
 2107 26927
 2108 27156
 2109 27096
 2110 27253
 2111 27067
 2112 27248
 2113 27217
 2114 27174
 2115 26924
 2116 27085
 2117 27152
 2118 27313
 2119 26807
 2120 27096
 2121 27194
 2122 27205
 2123 27108
 2124 27074
 2125 27153
 2126 27110
 2127 27211
 2128 26798
 2129 27017
 2130 26839
 2131 26961
 2132 26760
 2133 26877
 2134 26924
 2135 26782
 2136 26600
 2137 27116
 2138 26673
 2139 26552
 2140 26310
 2141 26361
 2142 26678
 2143 26643
 2144 26951
 2145 26716
 2146 26588
 2147 26305
 2148 26470
 2149 26382
 2150 26505
 2151 26343
 2152 26082
 2153 26203
 2154 26497
 2155 25959
 2156 26095
 2157 25808
 2158 25754
 2159 26130
 2160 25927
 2161 25784
 2162 25613
 2163 25689
 2164 25712
 2165 25488
 2166 25613
 2167 25528
 2168 25339
 2169 25310
 2170 25697
 2171 25345
 2172 25509
 2173 25136
 2174 25510
 2175 25275
 2176 25451
 2177 25341
 2178 25446
 2179 24873
 2180 24973
 2181 25008
 2182 25091
 2183 24930
 2184 25130
 2185 24672
 2186 25156
 2187 25071
 2188 25279
 2189 25052
 2190 24987
 2191 25176
 2192 24626
 2193 24975
 2194 25042
 2195 24862
 2196 24841
 2197 24696
 2198 24605
 2199 24458
 2200 24785
 2201 24802
 2202 24766
 2203 24657
 2204 24660
 2205 24651
 2206 24627
 2207 24327
 2208 24647
 2209 24810
 2210 24616
 2211 24901
 2212 24324
 2213 24562
 2214 24632
 2215 24452
 2216 24418
 2217 24452
 2218 24011
 2219 24545
 2220 24127
 2221 24396
 2222 24136
 2223 24291
 2224 24201
 2225 23957
 2226 24356
 2227 23921
 2228 24022
 2229 23971
 2230 24137
 2231 23743
 2232 23707
 2233 23677
 2234 24047
 2235 23864
 2236 24021
 2237 23828
 2238 23684
 2239 23733
 2240 24020
 2241 24274
 2242 24042
 2243 23918
 2244 24114
 2245 23842
 2246 23939
 2247 23628
 2248 23626
 2249 23452
 2250 23945
 2251 23519
 2252 23299
 2253 23431
 2254 23533
 2255 23335
 2256 23347
 2257 23400
 2258 23203
 2259 23013
 2260 22898
 2261 23436
 2262 23304
 2263 22814
 2264 23152
 2265 23033
 2266 22951
 2267 22551
 2268 22773
 2269 22613
 2270 22338
 2271 22646
 2272 23126
 2273 22527
 2274 23052
 2275 22727
 2276 22879
 2277 22836
 2278 22528
 2279 22588
 2280 22749
 2281 22781
 2282 22512
 2283 22616
 2284 22512
 2285 22372
 2286 22672
 2287 22371
 2288 22601
 2289 22417
 2290 22297
 2291 22338
 2292 22342
 2293 22246
 2294 22377
 2295 22498
 2296 22386
 2297 22101
 2298 22516
 2299 22253
 2300 22237
 2301 22129
 2302 21835
 2303 22088
 2304 22076
 2305 22265
 2306 21805
 2307 22226
 2308 21979
 2309 21939
 2310 22114
 2311 21807
 2312 21914
 2313 22445
 2314 22073
 2315 22035
 2316 22148
 2317 21995
 2318 22254
 2319 22378
 2320 22388
 2321 22691
 2322 22785
 2323 22875
 2324 23251
 2325 23309
 2326 23652
 2327 23791
 2328 24045
 2329 24196
 2330 23912
 2331 23643
 2332 23397
 2333 23317
 2334 23101
 2335 22623
 2336 22444
 2337 22150
 2338 21867
 2339 21753
 2340 21715
 2341 21721
 2342 21659
 2343 21467
 2344 21194
 2345 21259
 2346 21205
 2347 21102
 2348 21164
 2349 20660
 2350 20947
 2351 20766
 2352 20872
 2353 20646
 2354 20795
 2355 20601
 2356 20295
 2357 20283
 2358 20611
 2359 20387
 2360 20410
 2361 20156
 2362 20298
 2363 20160
 2364 20204
 2365 20056
 2366 20002
 2367 20087
 2368 19954
 2369 19586
 2370 20056
 2371 19847
 2372 19706
 2373 19948
 2374 19781
 2375 19780
 2376 19801
 2377 19782
 2378 19425
 2379 19256
 2380 19585
 2381 19354
 2382 19452
 2383 19305
 2384 19307
 2385 19304
 2386 19213
 2387 19034
 2388 19125
 2389 19055
 2390 19124
 2391 19171
 2392 19024
 2393 19233
 2394 18772
 2395 18897
 2396 18928
 2397 18893
 2398 18797
 2399 18437
 2400 18673
 2401 18518
 2402 18598
 2403 18588
 2404 18502
 2405 18227
 2406 18142
 2407 18488
 2408 18397
 2409 18238
 2410 18122
 2411 18213
 2412 18003
 2413 18082
 2414 17713
 2415 17637
 2416 17913
 2417 17979
 2418 17853
 2419 17864
 2420 17512
 2421 17615
 2422 17719
 2423 17600
 2424 17762
 2425 17567
 2426 17491
 2427 17552
 2428 17400
 2429 17384
 2430 17177
 2431 17339
 2432 17163
 2433 17362
 2434 17144
 2435 17244
 2436 17144
 2437 17186
 2438 17043
 2439 16926
 2440 16982
 2441 16940
 2442 16730
 2443 16986
 2444 17073
 2445 16547
 2446 16689
 2447 16801
 2448 16827
 2449 16729
 2450 16876
 2451 16606
 2452 16597
 2453 16606
 2454 16731
 2455 16747
 2456 16714
 2457 16652
 2458 16790
 2459 16635
 2460 16455
 2461 16490
 2462 16586
 2463 16493
 2464 16712
 2465 16696
 2466 16776
 2467 16940
 2468 16955
 2469 17041
 2470 17352
 2471 17410
 2472 17916
 2473 18036
 2474 18595
 2475 18880
 2476 19546
 2477 20277
 2478 20773
 2479 21372
 2480 22462
 2481 23767
 2482 24582
 2483 25818
 2484 27602
 2485 29051
 2486 30890
 2487 33368
 2488 35903
 2489 40030
 2490 44885
 2491 50817
 2492 58839
 2493 67807
 2494 79264
 2495 91969
 2496 106673
 2497 123597
 2498 142083
 2499 159981
 2500 177723
 2501 195465
 2502 210008
 2503 219713
 2504 225337
 2505 225962
 2506 220952
 2507 212250
 2508 197979
 2509 179544
 2510 161554
 2511 141948
 2512 121672
 2513 103469
 2514 87193
 2515 73243
 2516 61294
 2517 52039
 2518 44968
 2519 38900
 2520 34476
 2521 30804
 2522 27999
 2523 26080
 2524 24175
 2525 22475
 2526 20820
 2527 19468
 2528 18618
 2529 17314
 2530 16222
 2531 15276
 2532 14391
 2533 13755
 2534 13015
 2535 12475
 2536 12084
 2537 11662
 2538 11339
 2539 11193
 2540 10813
 2541 10501
 2542 10399
 2543 10386
 2544 10200
 2545 10085
 2546 10192
 2547 10010
 2548 9920
 2549 9798
 2550 9854
 2551 9731
 2552 9627
 2553 9603
 2554 9566
 2555 9636
 2556 9663
 2557 9550
 2558 9729
 2559 9758
 2560 9720
 2561 9630
 2562 9834
 2563 9777
 2564 10056
 2565 10037
 2566 10368
 2567 10517
 2568 10853
 2569 10929
 2570 11179
 2571 11530
 2572 11814
 2573 12386
 2574 13094
 2575 13547
 2576 14632
 2577 15394
 2578 16468
 2579 17738
 2580 19503
 2581 20959
 2582 22481
 2583 24870
 2584 27421
 2585 30354
 2586 33783
 2587 37639
 2588 43345
 2589 50223
 2590 58627
 2591 68626
 2592 80954
 2593 96942
 2594 115208
 2595 137237
 2596 161956
 2597 189205
 2598 218145
 2599 249786
 2600 279642
 2601 306700
 2602 329111
 2603 347922
 2604 357555
 2605 358207
 2606 352403
 2607 338088
 2608 316798
 2609 288366
 2610 257173
 2611 226094
 2612 194520
 2613 164935
 2614 138645
 2615 116232
 2616 97475
 2617 82689
 2618 70940
 2619 63394
 2620 57807
 2621 53762
 2622 52513
 2623 52559
 2624 53098
 2625 54918
 2626 58657
 2627 61863
 2628 66240
 2629 69024
 2630 72196
 2631 74925
 2632 77552
 2633 77099
 2634 76131
 2635 74154
 2636 69902
 2637 65290
 2638 59470
 2639 53383
 2640 47094
 2641 40839
 2642 34988
 2643 29721
 2644 25533
 2645 21610
 2646 18322
 2647 16058
 2648 13926
 2649 12521
 2650 10908
 2651 10237
 2652 9469
 2653 8649
 2654 8075
 2655 7544
 2656 7069
 2657 6841
 2658 6314
 2659 5966
 2660 5606
 2661 5331
 2662 5272
 2663 4913
 2664 4730
 2665 4627
 2666 4454
 2667 4238
 2668 4191
 2669 4018
 2670 4146
 2671 4035
 2672 3960
 2673 3938
 2674 3864
 2675 3870
 2676 3842
 2677 3872
 2678 3919
 2679 3809
 2680 3736
 2681 3813
 2682 3775
 2683 3809
 2684 3735
 2685 3842
 2686 3886
 2687 3832
 2688 3926
 2689 3922
 2690 3931
 2691 4170
 2692 4295
 2693 4376
 2694 4552
 2695 4800
 2696 5023
 2697 5007
 2698 5016
 2699 5356
 2700 5252
 2701 5224
 2702 5046
 2703 4977
 2704 5072
 2705 4946
 2706 4679
 2707 4748
 2708 4591
 2709 4518
 2710 4511
 2711 4654
 2712 4490
 2713 4848
 2714 4931
 2715 4940
 2716 5234
 2717 5679
 2718 5948
 2719 6347
 2720 6615
 2721 7181
 2722 7665
 2723 8352
 2724 9281
 2725 10103
 2726 11227
 2727 12627
 2728 14132
 2729 16274
 2730 18625
 2731 22100
 2732 25724
 2733 30370
 2734 35710
 2735 42795
 2736 49663
 2737 57491
 2738 66133
 2739 75490
 2740 84535
 2741 92993
 2742 99833
 2743 105460
 2744 109332
 2745 110051
 2746 108498
 2747 104569
 2748 98769
 2749 91572
 2750 82121
 2751 72407
 2752 62964
 2753 53819
 2754 45289
 2755 38276
 2756 31569
 2757 26498
 2758 21954
 2759 18566
 2760 16053
 2761 13998
 2762 12174
 2763 11100
 2764 9881
 2765 8759
 2766 8099
 2767 7241
 2768 6621
 2769 5929
 2770 5470
 2771 4976
 2772 4569
 2773 4131
 2774 3901
 2775 3550
 2776 3304
 2777 3091
 2778 2960
 2779 2710
 2780 2761
 2781 2509
 2782 2579
 2783 2536
 2784 2298
 2785 2292
 2786 2354
 2787 2206
 2788 2227
 2789 2149
 2790 2168
 2791 2176
 2792 2104
 2793 2165
 2794 2156
 2795 2245
 2796 2230
 2797 2187
 2798 2195
 2799 2267
 2800 2231
 2801 2292
 2802 2377
 2803 2426
 2804 2449
 2805 2548
 2806 2646
 2807 2950
 2808 2937
 2809 3216
 2810 3343
 2811 3685
 2812 3851
 2813 4028
 2814 4159
 2815 4393
 2816 4399
 2817 4539
 2818 4680
 2819 4356
 2820 4351
 2821 4155
 2822 3968
 2823 3716
 2824 3519
 2825 3211
 2826 2988
 2827 2848
 2828 2636
 2829 2553
 2830 2467
 2831 2217
 2832 2091
 2833 2167
 2834 2121
 2835 2004
 2836 1958
 2837 1995
 2838 1994
 2839 1948
 2840 1905
 2841 1853
 2842 1859
 2843 1895
 2844 1955
 2845 1906
 2846 1892
 2847 1792
 2848 1836
 2849 1766
 2850 1798
 2851 1803
 2852 1842
 2853 1795
 2854 1883
 2855 1787
 2856 1841
 2857 1862
 2858 1823
 2859 1803
 2860 1870
 2861 1946
 2862 1816
 2863 1884
 2864 1938
 2865 2004
 2866 1921
 2867 1832
 2868 1937
 2869 1955
 2870 1959
 2871 1955
 2872 1916
 2873 1999
 2874 2053
 2875 1983
 2876 1983
 2877 2042
 2878 2028
 2879 2095
 2880 2117
 2881 2194
 2882 2212
 2883 2182
 2884 2289
 2885 2331
 2886 2390
 2887 2361
 2888 2441
 2889 2491
 2890 2677
 2891 2749
 2892 2881
 2893 2953
 2894 3086
 2895 3404
 2896 3344
 2897 3679
 2898 3772
 2899 4206
 2900 4504
 2901 4799
 2902 5375
 2903 5811
 2904 6408
 2905 7138
 2906 8249
 2907 9212
 2908 10640
 2909 12526
 2910 14500
 2911 16752
 2912 19528
 2913 22427
 2914 25855
 2915 29339
 2916 33201
 2917 36782
 2918 39592
 2919 42747
 2920 44707
 2921 46877
 2922 47390
 2923 46247
 2924 45516
 2925 44511
 2926 42173
 2927 39228
 2928 37194
 2929 35378
 2930 33718
 2931 32843
 2932 32913
 2933 34308
 2934 36407
 2935 39741
 2936 44054
 2937 48956
 2938 54929
 2939 60937
 2940 67085
 2941 73137
 2942 77691
 2943 81969
 2944 83725
 2945 84378
 2946 83444
 2947 80524
 2948 76302
 2949 70464
 2950 64099
 2951 56435
 2952 49286
 2953 42797
 2954 36679
 2955 30996
 2956 26190
 2957 22669
 2958 19290
 2959 16787
 2960 14795
 2961 13504
 2962 11993
 2963 10790
 2964 10097
 2965 9246
 2966 8470
 2967 7625
 2968 6958
 2969 6311
 2970 5653
 2971 5098
 2972 4559
 2973 3945
 2974 3577
 2975 3272
 2976 2973
 2977 2738
 2978 2532
 2979 2378
 2980 2197
 2981 2160
 2982 1991
 2983 1997
 2984 1779
 2985 1827
 2986 1847
 2987 1811
 2988 1771
 2989 1848
 2990 1740
 2991 1739
 2992 1722
 2993 1812
 2994 1849
 2995 1841
 2996 1798
 2997 1885
 2998 2043
 2999 1981
 3000 2107
 3001 2098
 3002 2336
 3003 2434
 3004 2559
 3005 2723
 3006 2965
 3007 3106
 3008 3432
 3009 3821
 3010 4339
 3011 4893
 3012 5360
 3013 6093
 3014 7077
 3015 7984
 3016 9273
 3017 10752
 3018 12320
 3019 14157
 3020 16026
 3021 18116
 3022 20143
 3023 22481
 3024 24527
 3025 26667
 3026 28063
 3027 29360
 3028 30471
 3029 31317
 3030 31172
 3031 30220
 3032 29827
 3033 27925
 3034 26612
 3035 24497
 3036 22521
 3037 20457
 3038 18341
 3039 16304
 3040 14784
 3041 13065
 3042 12216
 3043 11196
 3044 10562
 3045 10687
 3046 10343
 3047 10643
 3048 10665
 3049 11180
 3050 11181
 3051 11570
 3052 11770
 3053 11521
 3054 11620
 3055 11121
 3056 11037
 3057 10459
 3058 10030
 3059 9456
 3060 8665
 3061 8154
 3062 7701
 3063 7274
 3064 7153
 3065 6931
 3066 7073
 3067 7274
 3068 7789
 3069 8026
 3070 8729
 3071 9090
 3072 9645
 3073 10157
 3074 10579
 3075 10693
 3076 10798
 3077 10668
 3078 10419
 3079 10111
 3080 9520
 3081 8811
 3082 8250
 3083 7667
 3084 6954
 3085 6723
 3086 6443
 3087 6421
 3088 6421
 3089 6920
 3090 7438
 3091 8057
 3092 8901
 3093 10281
 3094 11256
 3095 12791
 3096 14205
 3097 15578
 3098 16438
 3099 17685
 3100 18318
 3101 18900
 3102 18849
 3103 18439
 3104 17931
 3105 16978
 3106 15576
 3107 14153
 3108 12442
 3109 11221
 3110 9719
 3111 8441
 3112 7110
 3113 6125
 3114 5322
 3115 4663
 3116 4039
 3117 3515
 3118 3254
 3119 2903
 3120 2669
 3121 2421
 3122 2355
 3123 2133
 3124 2002
 3125 1815
 3126 1630
 3127 1528
 3128 1360
 3129 1288
 3130 1094
 3131 1009
 3132 924
 3133 827
 3134 871
 3135 774
 3136 766
 3137 720
 3138 670
 3139 644
 3140 677
 3141 624
 3142 647
 3143 617
 3144 615
 3145 665
 3146 671
 3147 609
 3148 708
 3149 673
 3150 743
 3151 743
 3152 727
 3153 771
 3154 742
 3155 787
 3156 774
 3157 820
 3158 787
 3159 773
 3160 749
 3161 798
 3162 833
 3163 797
 3164 797
 3165 845
 3166 903
 3167 963
 3168 1052
 3169 1077
 3170 1160
 3171 1303
 3172 1416
 3173 1579
 3174 1792
 3175 2004
 3176 2314
 3177 2662
 3178 2925
 3179 3348
 3180 3709
 3181 4213
 3182 4664
 3183 5023
 3184 5494
 3185 5900
 3186 6470
 3187 6664
 3188 6976
 3189 7088
 3190 7262
 3191 7261
 3192 7158
 3193 7016
 3194 6811
 3195 6436
 3196 5952
 3197 5530
 3198 5045
 3199 4518
 3200 4070
 3201 3764
 3202 3313
 3203 2951
 3204 2687
 3205 2626
 3206 2467
 3207 2358
 3208 2285
 3209 2365
 3210 2472
 3211 2417
 3212 2533
 3213 2535
 3214 2647
 3215 2529
 3216 2686
 3217 2703
 3218 2661
 3219 2517
 3220 2386
 3221 2282
 3222 1978
 3223 1862
 3224 1621
 3225 1540
 3226 1319
 3227 1184
 3228 1067
 3229 934
 3230 784
 3231 723
 3232 614
 3233 579
 3234 512
 3235 496
 3236 437
 3237 403
 3238 397
 3239 360
 3240 372
 3241 364
 3242 329
 3243 321
 3244 312
 3245 307
 3246 295
 3247 304
 3248 297
 3249 281
 3250 278
 3251 246
 3252 277
 3253 277
 3254 268
 3255 240
 3256 294
 3257 276
 3258 272
 3259 262
 3260 293
 3261 282
 3262 283
 3263 286
 3264 314
 3265 304
 3266 325
 3267 346
 3268 354
 3269 380
 3270 397
 3271 368
 3272 338
 3273 357
 3274 378
 3275 378
 3276 349
 3277 369
 3278 353
 3279 334
 3280 356
 3281 313
 3282 318
 3283 299
 3284 294
 3285 278
 3286 270
 3287 253
 3288 260
 3289 277
 3290 234
 3291 280
 3292 255
 3293 235
 3294 261
 3295 269
 3296 241
 3297 242
 3298 253
 3299 238
 3300 263
 3301 274
 3302 231
 3303 284
 3304 246
 3305 252
 3306 222
 3307 227
 3308 219
 3309 200
 3310 220
 3311 205
 3312 213
 3313 228
 3314 229
 3315 203
 3316 195
 3317 204
 3318 186
 3319 187
 3320 185
 3321 187
 3322 202
 3323 214
 3324 190
 3325 226
 3326 193
 3327 206
 3328 184
 3329 208
 3330 198
 3331 193
 3332 187
 3333 194
 3334 211
 3335 186
 3336 193
 3337 170
 3338 172
 3339 169
 3340 201
 3341 173
 3342 176
 3343 208
 3344 157
 3345 199
 3346 197
 3347 163
 3348 189
 3349 173
 3350 193
 3351 191
 3352 160
 3353 174
 3354 189
 3355 177
 3356 178
 3357 185
 3358 171
 3359 190
 3360 204
 3361 180
 3362 170
 3363 173
 3364 165
 3365 172
 3366 163
 3367 163
 3368 160
 3369 176
 3370 176
 3371 162
 3372 191
 3373 161
 3374 162
 3375 172
 3376 182
 3377 189
 3378 183
 3379 195
 3380 156
 3381 186
 3382 189
 3383 159
 3384 167
 3385 189
 3386 162
 3387 191
 3388 164
 3389 171
 3390 175
 3391 174
 3392 185
 3393 177
 3394 152
 3395 163
 3396 144
 3397 167
 3398 159
 3399 173
 3400 153
 3401 173
 3402 162
 3403 151
 3404 156
 3405 147
 3406 175
 3407 123
 3408 171
 3409 166
 3410 163
 3411 161
 3412 146
 3413 173
 3414 162
 3415 151
 3416 157
 3417 155
 3418 158
 3419 149
 3420 154
 3421 176
 3422 171
 3423 176
 3424 168
 3425 163
 3426 172
 3427 169
 3428 165
 3429 158
 3430 172
 3431 141
 3432 149
 3433 184
 3434 163
 3435 150
 3436 130
 3437 137
 3438 149
 3439 167
 3440 141
 3441 155
 3442 142
 3443 154
 3444 151
 3445 140
 3446 131
 3447 151
 3448 164
 3449 140
 3450 169
 3451 154
 3452 137
 3453 145
 3454 141
 3455 136
 3456 172
 3457 156
 3458 139
 3459 145
 3460 146
 3461 167
 3462 139
 3463 141
 3464 130
 3465 152
 3466 144
 3467 126
 3468 142
 3469 138
 3470 135
 3471 130
 3472 133
 3473 135
 3474 140
 3475 141
 3476 155
 3477 147
 3478 126
 3479 148
 3480 129
 3481 140
 3482 127
 3483 154
 3484 153
 3485 119
 3486 144
 3487 133
 3488 130
 3489 149
 3490 130
 3491 141
 3492 161
 3493 146
 3494 144
 3495 145
 3496 137
 3497 141
 3498 146
 3499 149
 3500 140
 3501 130
 3502 120
 3503 135
 3504 143
 3505 128
 3506 160
 3507 136
 3508 128
 3509 110
 3510 121
 3511 138
 3512 141
 3513 124
 3514 127
 3515 150
 3516 134
 3517 139
 3518 146
 3519 122
 3520 141
 3521 148
 3522 106
 3523 134
 3524 132
 3525 125
 3526 123
 3527 136
 3528 129
 3529 149
 3530 133
 3531 127
 3532 155
 3533 116
 3534 123
 3535 114
 3536 126
 3537 117
 3538 136
 3539 119
 3540 122
 3541 115
 3542 119
 3543 127
 3544 136
 3545 111
 3546 126
 3547 97
 3548 112
 3549 114
 3550 112
 3551 131
 3552 113
 3553 140
 3554 115
 3555 122
 3556 94
 3557 138
 3558 133
 3559 111
 3560 126
 3561 128
 3562 99
 3563 121
 3564 106
 3565 115
 3566 106
 3567 124
 3568 121
 3569 114
 3570 112
 3571 110
 3572 103
 3573 120
 3574 104
 3575 114
 3576 109
 3577 124
 3578 110
 3579 91
 3580 104
 3581 107
 3582 116
 3583 111
 3584 113
 3585 107
 3586 106
 3587 120
 3588 96
 3589 113
 3590 120
 3591 116
 3592 117
 3593 113
 3594 112
 3595 99
 3596 115
 3597 108
 3598 104
 3599 122
 3600 102
 3601 122
 3602 102
 3603 117
 3604 106
 3605 128
 3606 115
 3607 121
 3608 107
 3609 122
 3610 134
 3611 120
 3612 106
 3613 111
 3614 96
 3615 116
 3616 117
 3617 106
 3618 134
 3619 117
 3620 111
 3621 114
 3622 117
 3623 104
 3624 94
 3625 108
 3626 94
 3627 110
 3628 82
 3629 100
 3630 107
 3631 99
 3632 98
 3633 125
 3634 101
 3635 109
 3636 112
 3637 95
 3638 104
 3639 94
 3640 98
 3641 110
 3642 98
 3643 90
 3644 99
 3645 100
 3646 100
 3647 88
 3648 99
 3649 93
 3650 86
 3651 120
 3652 96
 3653 99
 3654 91
 3655 90
 3656 85
 3657 107
 3658 91
 3659 87
 3660 105
 3661 92
 3662 99
 3663 107
 3664 109
 3665 96
 3666 100
 3667 96
 3668 78
 3669 93
 3670 100
 3671 100
 3672 91
 3673 95
 3674 99
 3675 98
 3676 88
 3677 85
 3678 96
 3679 90
 3680 93
 3681 81
 3682 96
 3683 96
 3684 95
 3685 105
 3686 92
 3687 86
 3688 83
 3689 86
 3690 90
 3691 101
 3692 85
 3693 80
 3694 95
 3695 82
 3696 78
 3697 96
 3698 94
 3699 79
 3700 80
 3701 88
 3702 80
 3703 86
 3704 89
 3705 105
 3706 96
 3707 106
 3708 86
 3709 79
 3710 92
 3711 94
 3712 87
 3713 79
 3714 108
 3715 79
 3716 93
 3717 80
 3718 82
 3719 87
 3720 88
 3721 96
 3722 73
 3723 91
 3724 97
 3725 92
 3726 85
 3727 71
 3728 79
 3729 93
 3730 75
 3731 85
 3732 78
 3733 92
 3734 98
 3735 68
 3736 73
 3737 85
 3738 67
 3739 78
 3740 86
 3741 87
 3742 69
 3743 78
 3744 72
 3745 66
 3746 80
 3747 89
 3748 84
 3749 82
 3750 80
 3751 74
 3752 96
 3753 87
 3754 59
 3755 72
 3756 71
 3757 77
 3758 76
 3759 77
 3760 74
 3761 88
 3762 95
 3763 76
 3764 70
 3765 74
 3766 78
 3767 66
 3768 72
 3769 77
 3770 96
 3771 77
 3772 70
 3773 70
 3774 81
 3775 80
 3776 74
 3777 78
 3778 86
 3779 77
 3780 83
 3781 71
 3782 78
 3783 78
 3784 83
 3785 82
 3786 67
 3787 82
 3788 69
 3789 67
 3790 84
 3791 81
 3792 63
 3793 58
 3794 65
 3795 65
 3796 55
 3797 60
 3798 65
 3799 77
 3800 63
 3801 68
 3802 54
 3803 78
 3804 65
 3805 64
 3806 72
 3807 57
 3808 57
 3809 81
 3810 77
 3811 71
 3812 75
 3813 72
 3814 67
 3815 62
 3816 52
 3817 61
 3818 64
 3819 68
 3820 76
 3821 69
 3822 64
 3823 43
 3824 57
 3825 80
 3826 69
 3827 65
 3828 56
 3829 52
 3830 66
 3831 63
 3832 64
 3833 70
 3834 69
 3835 66
 3836 60
 3837 54
 3838 58
 3839 59
 3840 77
 3841 71
 3842 60
 3843 44
 3844 69
 3845 62
 3846 63
 3847 69
 3848 60
 3849 63
 3850 67
 3851 70
 3852 59
 3853 60
 3854 63
 3855 59
 3856 55
 3857 48
 3858 61
 3859 67
 3860 62
 3861 65
 3862 63
 3863 52
 3864 53
 3865 77
 3866 47
 3867 58
 3868 67
 3869 59
 3870 50
 3871 67
 3872 62
 3873 51
 3874 49
 3875 65
 3876 57
 3877 61
 3878 72
 3879 39
 3880 59
 3881 59
 3882 56
 3883 63
 3884 66
 3885 53
 3886 55
 3887 64
 3888 58
 3889 50
 3890 46
 3891 62
 3892 53
 3893 61
 3894 60
 3895 59
 3896 60
 3897 40
 3898 55
 3899 58
 3900 72
 3901 59
 3902 51
 3903 61
 3904 55
 3905 56
 3906 67
 3907 41
 3908 51
 3909 61
 3910 47
 3911 52
 3912 53
 3913 62
 3914 52
 3915 54
 3916 46
 3917 54
 3918 65
 3919 71
 3920 49
 3921 64
 3922 48
 3923 61
 3924 40
 3925 44
 3926 54
 3927 45
 3928 59
 3929 55
 3930 72
 3931 54
 3932 59
 3933 62
 3934 62
 3935 59
 3936 41
 3937 56
 3938 49
 3939 50
 3940 52
 3941 50
 3942 49
 3943 58
 3944 50
 3945 58
 3946 50
 3947 74
 3948 53
 3949 60
 3950 56
 3951 43
 3952 47
 3953 40
 3954 48
 3955 54
 3956 46
 3957 57
 3958 45
 3959 49
 3960 48
 3961 42
 3962 57
 3963 41
 3964 59
 3965 58
 3966 51
 3967 55
 3968 55
 3969 48
 3970 43
 3971 42
 3972 53
 3973 43
 3974 51
 3975 65
 3976 63
 3977 53
 3978 58
 3979 43
 3980 46
 3981 49
 3982 51
 3983 53
 3984 48
 3985 46
 3986 49
 3987 49
 3988 49
 3989 54
 3990 44
 3991 59
 3992 58
 3993 64
 3994 58
 3995 62
 3996 43
 3997 54
 3998 53
 3999 60
 4000 54
 4001 75
 4002 58
 4003 55
 4004 54
 4005 44
 4006 53
 4007 38
 4008 46
 4009 48
 4010 58
 4011 52
 4012 64
 4013 50
 4014 66
 4015 55
 4016 61
 4017 53
 4018 57
 4019 57
 4020 68
 4021 55
 4022 57
 4023 51
 4024 59
 4025 52
 4026 50
 4027 58
 4028 63
 4029 63
 4030 52
 4031 53
 4032 59
 4033 49
 4034 48
 4035 49
 4036 61
 4037 45
 4038 64
 4039 73
 4040 48
 4041 55
 4042 60
 4043 62
 4044 58
 4045 50
 4046 68
 4047 70
 4048 62
 4049 69
 4050 76
 4051 51
 4052 77
 4053 60
 4054 54
 4055 63
 4056 53
 4057 67
 4058 57
 4059 68
 4060 69
 4061 65
 4062 65
 4063 67
 4064 70
 4065 64
 4066 72
 4067 66
 4068 61
 4069 56
 4070 71
 4071 64
 4072 65
 4073 92
 4074 68
 4075 84
 4076 68
 4077 58
 4078 83
 4079 74
 4080 79
 4081 56
 4082 62
 4083 75
 4084 62
 4085 79
 4086 60
 4087 67
 4088 61
 4089 71
 4090 59
 4091 74
 4092 79
 4093 62
 4094 61
 4095 62
