C_Z_UPU250_RED_X_201311151402_2.res C:\MEXRF\results\C_Z_UPU250_RED_X_201311151402_2 No 01-01-65 12:00
2047 1000 1271.26 1.414 22 0.7 239.63 0 0 0 
 0 0
 1 0
 2 0
 3 0
 4 0
 5 1
 6 0
 7 0
 8 0
 9 0
 10 0
 11 0
 12 0
 13 0
 14 0
 15 0
 16 0
 17 0
 18 0
 19 0
 20 0
 21 0
 22 0
 23 3
 24 2077
 25 3563
 26 3279
 27 3283
 28 3159
 29 3112
 30 3108
 31 3092
 32 3072
 33 3028
 34 2907
 35 2869
 36 2784
 37 2895
 38 2734
 39 2676
 40 2694
 41 2603
 42 2622
 43 2638
 44 2622
 45 2566
 46 2533
 47 2500
 48 2388
 49 2435
 50 2429
 51 2381
 52 2377
 53 2390
 54 2337
 55 2314
 56 2344
 57 2261
 58 2301
 59 2213
 60 2270
 61 2254
 62 2208
 63 2190
 64 2155
 65 2155
 66 2157
 67 2096
 68 2165
 69 2092
 70 2092
 71 2093
 72 2118
 73 2108
 74 2104
 75 2124
 76 2097
 77 2242
 78 2440
 79 2651
 80 3238
 81 3939
 82 4385
 83 4720
 84 4345
 85 3829
 86 3148
 87 2720
 88 2903
 89 3179
 90 3814
 91 4337
 92 4732
 93 4419
 94 3758
 95 3383
 96 2951
 97 2833
 98 2574
 99 2230
 100 2103
 101 1818
 102 1852
 103 1833
 104 1958
 105 2025
 106 2212
 107 2139
 108 2159
 109 2205
 110 2197
 111 2168
 112 2259
 113 2319
 114 2390
 115 2344
 116 2045
 117 1843
 118 1724
 119 1739
 120 1691
 121 1739
 122 1716
 123 1719
 124 1740
 125 1700
 126 1749
 127 1879
 128 1906
 129 2100
 130 2332
 131 2367
 132 2220
 133 2192
 134 2004
 135 2027
 136 1880
 137 1796
 138 1747
 139 1742
 140 1787
 141 1701
 142 1843
 143 1707
 144 1741
 145 1793
 146 1790
 147 1775
 148 1907
 149 1900
 150 1913
 151 1925
 152 1993
 153 1943
 154 2003
 155 1963
 156 1970
 157 1952
 158 1907
 159 1996
 160 1986
 161 2194
 162 2243
 163 2373
 164 2382
 165 2348
 166 2290
 167 2126
 168 2062
 169 2054
 170 1935
 171 2020
 172 1896
 173 1932
 174 2001
 175 2081
 176 2062
 177 1934
 178 2005
 179 2013
 180 2013
 181 2052
 182 2034
 183 2064
 184 2049
 185 2164
 186 2111
 187 2066
 188 2089
 189 2159
 190 2058
 191 2127
 192 2030
 193 2189
 194 2125
 195 2112
 196 2161
 197 2216
 198 2285
 199 2191
 200 2294
 201 2334
 202 2355
 203 2213
 204 2277
 205 2298
 206 2327
 207 2234
 208 2168
 209 2179
 210 2235
 211 2256
 212 2250
 213 2230
 214 2225
 215 2236
 216 2264
 217 2296
 218 2290
 219 2389
 220 2241
 221 2229
 222 2285
 223 2272
 224 2311
 225 2337
 226 2404
 227 2443
 228 2326
 229 2412
 230 2458
 231 2309
 232 2413
 233 2387
 234 2458
 235 2561
 236 2410
 237 2384
 238 2423
 239 2486
 240 2434
 241 2453
 242 2460
 243 2445
 244 2419
 245 2534
 246 2562
 247 2557
 248 2466
 249 2510
 250 2581
 251 2550
 252 2598
 253 2592
 254 2595
 255 2590
 256 2505
 257 2644
 258 2576
 259 2663
 260 2616
 261 2544
 262 2630
 263 2685
 264 2614
 265 2667
 266 2802
 267 2708
 268 2642
 269 2719
 270 2769
 271 2813
 272 2844
 273 2812
 274 2903
 275 2873
 276 3061
 277 3040
 278 3015
 279 3111
 280 3090
 281 3009
 282 3131
 283 3145
 284 3139
 285 3284
 286 3275
 287 3501
 288 3548
 289 4012
 290 4516
 291 5328
 292 6186
 293 7246
 294 7685
 295 7786
 296 7112
 297 6045
 298 4781
 299 3804
 300 3316
 301 2956
 302 2855
 303 2877
 304 2768
 305 2761
 306 2791
 307 2876
 308 2813
 309 2840
 310 2847
 311 2908
 312 3009
 313 2937
 314 2813
 315 2943
 316 2900
 317 2899
 318 2889
 319 2884
 320 2965
 321 2920
 322 2952
 323 2895
 324 3008
 325 2949
 326 3104
 327 3322
 328 3465
 329 3708
 330 4265
 331 4650
 332 4824
 333 4603
 334 4271
 335 3676
 336 3351
 337 3215
 338 3001
 339 3001
 340 2850
 341 2767
 342 2670
 343 2536
 344 2386
 345 2418
 346 2433
 347 2395
 348 2363
 349 2235
 350 2192
 351 2259
 352 2292
 353 2253
 354 2129
 355 2126
 356 2158
 357 2102
 358 2163
 359 2098
 360 2003
 361 1936
 362 1948
 363 1901
 364 1956
 365 1809
 366 1914
 367 1898
 368 1738
 369 1759
 370 1684
 371 1664
 372 1678
 373 1618
 374 1594
 375 1590
 376 1516
 377 1592
 378 1511
 379 1599
 380 1431
 381 1532
 382 1520
 383 1470
 384 1454
 385 1350
 386 1409
 387 1410
 388 1397
 389 1320
 390 1421
 391 1384
 392 1333
 393 1281
 394 1396
 395 1259
 396 1240
 397 1265
 398 1266
 399 1160
 400 1207
 401 1252
 402 1243
 403 1119
 404 1179
 405 1200
 406 1171
 407 1191
 408 1203
 409 1185
 410 1157
 411 1210
 412 1133
 413 1094
 414 1147
 415 1151
 416 1122
 417 1186
 418 1139
 419 1119
 420 1133
 421 1151
 422 1152
 423 1112
 424 1185
 425 1170
 426 1225
 427 1272
 428 1288
 429 1352
 430 1353
 431 1312
 432 1293
 433 1221
 434 1185
 435 1231
 436 1139
 437 1283
 438 1323
 439 1446
 440 1452
 441 1447
 442 1331
 443 1240
 444 1068
 445 911
 446 846
 447 854
 448 776
 449 790
 450 775
 451 726
 452 729
 453 698
 454 724
 455 698
 456 689
 457 617
 458 681
 459 624
 460 618
 461 605
 462 626
 463 669
 464 567
 465 573
 466 553
 467 562
 468 521
 469 565
 470 525
 471 525
 472 493
 473 532
 474 476
 475 517
 476 475
 477 481
 478 432
 479 485
 480 489
 481 458
 482 443
 483 513
 484 437
 485 446
 486 417
 487 418
 488 437
 489 423
 490 431
 491 438
 492 425
 493 422
 494 418
 495 460
 496 406
 497 456
 498 390
 499 461
 500 450
 501 422
 502 412
 503 421
 504 406
 505 398
 506 449
 507 425
 508 388
 509 385
 510 376
 511 429
 512 445
 513 446
 514 472
 515 536
 516 501
 517 442
 518 419
 519 420
 520 406
 521 389
 522 365
 523 330
 524 350
 525 360
 526 342
 527 339
 528 320
 529 320
 530 341
 531 371
 532 358
 533 388
 534 341
 535 352
 536 340
 537 335
 538 351
 539 372
 540 387
 541 382
 542 413
 543 393
 544 381
 545 381
 546 371
 547 404
 548 399
 549 404
 550 487
 551 557
 552 724
 553 1019
 554 1574
 555 2477
 556 4202
 557 7071
 558 11374
 559 17089
 560 22985
 561 28102
 562 30146
 563 28601
 564 23920
 565 20169
 566 19229
 567 23139
 568 30935
 569 40574
 570 49230
 571 52354
 572 48402
 573 37999
 574 25171
 575 14723
 576 7446
 577 3505
 578 1672
 579 937
 580 641
 581 528
 582 491
 583 420
 584 444
 585 395
 586 387
 587 323
 588 356
 589 336
 590 329
 591 347
 592 330
 593 311
 594 322
 595 295
 596 295
 597 288
 598 306
 599 290
 600 294
 601 298
 602 262
 603 288
 604 274
 605 320
 606 287
 607 297
 608 270
 609 336
 610 371
 611 332
 612 304
 613 306
 614 332
 615 368
 616 318
 617 324
 618 315
 619 363
 620 347
 621 359
 622 353
 623 374
 624 358
 625 406
 626 397
 627 396
 628 423
 629 401
 630 414
 631 453
 632 466
 633 513
 634 555
 635 674
 636 768
 637 1017
 638 1558
 639 2194
 640 3355
 641 5124
 642 7753
 643 10637
 644 13547
 645 15027
 646 15688
 647 14059
 648 11337
 649 7942
 650 5264
 651 3273
 652 1955
 653 1340
 654 1093
 655 1047
 656 1085
 657 1288
 658 1677
 659 2164
 660 2936
 661 3709
 662 4211
 663 4507
 664 4389
 665 3744
 666 3023
 667 2218
 668 1570
 669 1182
 670 880
 671 725
 672 603
 673 626
 674 611
 675 577
 676 551
 677 612
 678 620
 679 594
 680 688
 681 638
 682 650
 683 672
 684 691
 685 680
 686 729
 687 758
 688 716
 689 754
 690 756
 691 781
 692 800
 693 816
 694 792
 695 874
 696 836
 697 897
 698 940
 699 942
 700 962
 701 952
 702 986
 703 1014
 704 1128
 705 1112
 706 1178
 707 1224
 708 1229
 709 1310
 710 1396
 711 1470
 712 1459
 713 1547
 714 1537
 715 1611
 716 1682
 717 1716
 718 1743
 719 1743
 720 1809
 721 1805
 722 1859
 723 1810
 724 1829
 725 1897
 726 1900
 727 1907
 728 1908
 729 1966
 730 1936
 731 1997
 732 2047
 733 2023
 734 2047
 735 2051
 736 1955
 737 2082
 738 2040
 739 2041
 740 2116
 741 2087
 742 2108
 743 2158
 744 2172
 745 2110
 746 2157
 747 2178
 748 2194
 749 2227
 750 2314
 751 2366
 752 2311
 753 2384
 754 2507
 755 2410
 756 2552
 757 2534
 758 2632
 759 2727
 760 2849
 761 2910
 762 3177
 763 3518
 764 4043
 765 4676
 766 5750
 767 6508
 768 7381
 769 7554
 770 7503
 771 6642
 772 5685
 773 4780
 774 4176
 775 3745
 776 3662
 777 3669
 778 3833
 779 4059
 780 4597
 781 5249
 782 6234
 783 7819
 784 9316
 785 11032
 786 12015
 787 12084
 788 11381
 789 9858
 790 8255
 791 6734
 792 5665
 793 4938
 794 4877
 795 4655
 796 4618
 797 4740
 798 4706
 799 4966
 800 4828
 801 5106
 802 5137
 803 5071
 804 5172
 805 5326
 806 5244
 807 5482
 808 5536
 809 5542
 810 5650
 811 5761
 812 5794
 813 5959
 814 6003
 815 6137
 816 6165
 817 6215
 818 6282
 819 6310
 820 6425
 821 6651
 822 6715
 823 6887
 824 6932
 825 7151
 826 7186
 827 7268
 828 7217
 829 7374
 830 7415
 831 7556
 832 7701
 833 7714
 834 7903
 835 7928
 836 8231
 837 8210
 838 8277
 839 8396
 840 8502
 841 8733
 842 8657
 843 8910
 844 9010
 845 8988
 846 9051
 847 9239
 848 9424
 849 9414
 850 9536
 851 9778
 852 9839
 853 9816
 854 10130
 855 10334
 856 10379
 857 10488
 858 10593
 859 10859
 860 11022
 861 10754
 862 11039
 863 11088
 864 11290
 865 11582
 866 11637
 867 11661
 868 11950
 869 11764
 870 12289
 871 12227
 872 12403
 873 12505
 874 12611
 875 12930
 876 12913
 877 13192
 878 13272
 879 13466
 880 13768
 881 14013
 882 14057
 883 14413
 884 14758
 885 15221
 886 15640
 887 16307
 888 16495
 889 17082
 890 17376
 891 17610
 892 17296
 893 17403
 894 16993
 895 16538
 896 16306
 897 16433
 898 16405
 899 16329
 900 16454
 901 16551
 902 16875
 903 16765
 904 16927
 905 17261
 906 17316
 907 17366
 908 17578
 909 17665
 910 18342
 911 18353
 912 18895
 913 19092
 914 19045
 915 19357
 916 19799
 917 19894
 918 19794
 919 19627
 920 19598
 921 19987
 922 19954
 923 19765
 924 19780
 925 20137
 926 19973
 927 20461
 928 20587
 929 20596
 930 20642
 931 20996
 932 21043
 933 21257
 934 21490
 935 21678
 936 21933
 937 22025
 938 22064
 939 22415
 940 22567
 941 22702
 942 22587
 943 22920
 944 23136
 945 23604
 946 23674
 947 23769
 948 23919
 949 24356
 950 24531
 951 24333
 952 24695
 953 24715
 954 24612
 955 24784
 956 25264
 957 25465
 958 25532
 959 25637
 960 25809
 961 25958
 962 25942
 963 26579
 964 26338
 965 26583
 966 26388
 967 26638
 968 26975
 969 26958
 970 26876
 971 27242
 972 27322
 973 27358
 974 27363
 975 27699
 976 27891
 977 28184
 978 28133
 979 28174
 980 28147
 981 28190
 982 28782
 983 28870
 984 28755
 985 28686
 986 28993
 987 28874
 988 29365
 989 29670
 990 29728
 991 29700
 992 29931
 993 30075
 994 30476
 995 30240
 996 30372
 997 30373
 998 30422
 999 30648
 1000 30735
 1001 30501
 1002 31061
 1003 30799
 1004 30907
 1005 31235
 1006 31529
 1007 31118
 1008 31171
 1009 31336
 1010 31894
 1011 31960
 1012 31777
 1013 32048
 1014 31809
 1015 32122
 1016 31998
 1017 32235
 1018 32327
 1019 32591
 1020 32760
 1021 32940
 1022 32694
 1023 32681
 1024 33117
 1025 32692
 1026 33220
 1027 33527
 1028 33243
 1029 33722
 1030 33404
 1031 33558
 1032 33496
 1033 34024
 1034 33970
 1035 34005
 1036 34112
 1037 34029
 1038 33818
 1039 34043
 1040 34312
 1041 34390
 1042 34230
 1043 34473
 1044 34425
 1045 34467
 1046 34477
 1047 34517
 1048 34226
 1049 35099
 1050 34376
 1051 34784
 1052 34582
 1053 34550
 1054 34390
 1055 34657
 1056 34849
 1057 34555
 1058 34852
 1059 34325
 1060 34286
 1061 34658
 1062 34489
 1063 34236
 1064 34027
 1065 34112
 1066 34138
 1067 33843
 1068 33366
 1069 33472
 1070 33297
 1071 33060
 1072 32713
 1073 32502
 1074 32400
 1075 32103
 1076 32170
 1077 31498
 1078 31059
 1079 30776
 1080 30368
 1081 30209
 1082 30315
 1083 30001
 1084 29863
 1085 29601
 1086 29336
 1087 28918
 1088 29049
 1089 28639
 1090 28436
 1091 28252
 1092 28279
 1093 28009
 1094 27842
 1095 27887
 1096 27304
 1097 27541
 1098 27346
 1099 27059
 1100 27267
 1101 27176
 1102 27101
 1103 27138
 1104 26959
 1105 26965
 1106 26945
 1107 26730
 1108 27194
 1109 26987
 1110 27011
 1111 26686
 1112 26499
 1113 26638
 1114 26805
 1115 26476
 1116 26705
 1117 26948
 1118 27015
 1119 26890
 1120 26774
 1121 26991
 1122 26818
 1123 26966
 1124 27069
 1125 26910
 1126 26914
 1127 26710
 1128 26555
 1129 26301
 1130 26476
 1131 26229
 1132 26380
 1133 26236
 1134 26067
 1135 25981
 1136 25981
 1137 25971
 1138 25980
 1139 25949
 1140 26255
 1141 25664
 1142 26123
 1143 25890
 1144 25453
 1145 25719
 1146 25847
 1147 25861
 1148 25685
 1149 25740
 1150 25439
 1151 25562
 1152 25743
 1153 25569
 1154 25659
 1155 25370
 1156 25220
 1157 25488
 1158 25551
 1159 25743
 1160 25928
 1161 26095
 1162 26693
 1163 26818
 1164 27578
 1165 27742
 1166 28092
 1167 27920
 1168 27282
 1169 26756
 1170 26594
 1171 25911
 1172 25597
 1173 25678
 1174 25370
 1175 24998
 1176 24547
 1177 24503
 1178 24507
 1179 24124
 1180 23863
 1181 24034
 1182 23839
 1183 23350
 1184 23436
 1185 23197
 1186 23454
 1187 23516
 1188 23282
 1189 23083
 1190 23150
 1191 23176
 1192 22891
 1193 23159
 1194 23072
 1195 22749
 1196 22691
 1197 22428
 1198 22258
 1199 22217
 1200 22310
 1201 22449
 1202 22129
 1203 21969
 1204 22059
 1205 21808
 1206 21686
 1207 21662
 1208 21804
 1209 21548
 1210 21527
 1211 21423
 1212 21506
 1213 21237
 1214 21137
 1215 21129
 1216 21276
 1217 20687
 1218 21075
 1219 20766
 1220 20872
 1221 20753
 1222 20584
 1223 20564
 1224 20579
 1225 20466
 1226 20477
 1227 20248
 1228 20329
 1229 20419
 1230 20408
 1231 20548
 1232 20466
 1233 20558
 1234 20747
 1235 20795
 1236 21199
 1237 21713
 1238 22080
 1239 23031
 1240 23622
 1241 25252
 1242 27428
 1243 30410
 1244 35537
 1245 43479
 1246 56499
 1247 77266
 1248 108365
 1249 152103
 1250 207923
 1251 271135
 1252 331527
 1253 379766
 1254 399011
 1255 387389
 1256 341549
 1257 278462
 1258 208182
 1259 145562
 1260 97329
 1261 63877
 1262 43605
 1263 30961
 1264 24192
 1265 20585
 1266 18460
 1267 16897
 1268 15641
 1269 15041
 1270 14257
 1271 13665
 1272 13542
 1273 13155
 1274 12744
 1275 12644
 1276 12330
 1277 12346
 1278 12197
 1279 12256
 1280 12237
 1281 12205
 1282 12470
 1283 12402
 1284 12827
 1285 13117
 1286 13478
 1287 14290
 1288 14994
 1289 15771
 1290 17083
 1291 19333
 1292 22518
 1293 27851
 1294 36396
 1295 50077
 1296 73003
 1297 107308
 1298 159948
 1299 232590
 1300 322498
 1301 427759
 1302 527285
 1303 605745
 1304 640284
 1305 621599
 1306 552723
 1307 448081
 1308 335259
 1309 230391
 1310 149693
 1311 93629
 1312 57334
 1313 37401
 1314 26233
 1315 20633
 1316 17023
 1317 15389
 1318 14031
 1319 12528
 1320 11332
 1321 10211
 1322 8974
 1323 7847
 1324 7030
 1325 6342
 1326 5652
 1327 5311
 1328 5141
 1329 4807
 1330 4547
 1331 4350
 1332 4131
 1333 4185
 1334 3901
 1335 3692
 1336 3697
 1337 3517
 1338 3405
 1339 3321
 1340 3356
 1341 3145
 1342 3199
 1343 3141
 1344 3133
 1345 2952
 1346 2815
 1347 2944
 1348 2834
 1349 2866
 1350 2632
 1351 2624
 1352 2634
 1353 2535
 1354 2509
 1355 2545
 1356 2467
 1357 2501
 1358 2375
 1359 2483
 1360 2320
 1361 2406
 1362 2483
 1363 2511
 1364 2463
 1365 2635
 1366 2805
 1367 2963
 1368 3513
 1369 4175
 1370 4797
 1371 5727
 1372 6477
 1373 7191
 1374 7496
 1375 7412
 1376 6972
 1377 6010
 1378 4971
 1379 4046
 1380 3422
 1381 2914
 1382 2586
 1383 2315
 1384 2191
 1385 2151
 1386 2105
 1387 2106
 1388 2021
 1389 2024
 1390 1974
 1391 1999
 1392 1975
 1393 1911
 1394 2008
 1395 2010
 1396 1960
 1397 1892
 1398 1986
 1399 1929
 1400 1883
 1401 1867
 1402 1987
 1403 1906
 1404 1960
 1405 1820
 1406 1960
 1407 1916
 1408 1915
 1409 1921
 1410 1914
 1411 1996
 1412 1916
 1413 1919
 1414 1992
 1415 2003
 1416 1978
 1417 1911
 1418 1963
 1419 1886
 1420 1974
 1421 1968
 1422 1937
 1423 1952
 1424 2085
 1425 1995
 1426 2117
 1427 2085
 1428 2126
 1429 2095
 1430 2091
 1431 2256
 1432 2173
 1433 2202
 1434 2271
 1435 2262
 1436 2371
 1437 2336
 1438 2444
 1439 2468
 1440 2557
 1441 2580
 1442 2687
 1443 2808
 1444 2792
 1445 2983
 1446 3158
 1447 3277
 1448 3574
 1449 3774
 1450 4380
 1451 5053
 1452 6125
 1453 7734
 1454 10216
 1455 14347
 1456 19817
 1457 27502
 1458 38145
 1459 49894
 1460 61876
 1461 72972
 1462 80136
 1463 82181
 1464 79165
 1465 72284
 1466 65369
 1467 60732
 1468 61712
 1469 70113
 1470 85689
 1471 105830
 1472 127394
 1473 143427
 1474 150352
 1475 148964
 1476 133664
 1477 112351
 1478 87117
 1479 63095
 1480 44057
 1481 30234
 1482 21644
 1483 15765
 1484 12388
 1485 10009
 1486 8099
 1487 6579
 1488 5264
 1489 4414
 1490 3515
 1491 2939
 1492 2654
 1493 2447
 1494 2312
 1495 2191
 1496 2186
 1497 2201
 1498 2161
 1499 2221
 1500 2324
 1501 2347
 1502 2515
 1503 2774
 1504 3173
 1505 3772
 1506 4896
 1507 6650
 1508 8879
 1509 12638
 1510 17505
 1511 23786
 1512 31125
 1513 39110
 1514 46148
 1515 52347
 1516 55452
 1517 55881
 1518 52035
 1519 46172
 1520 38725
 1521 31091
 1522 24603
 1523 19922
 1524 17474
 1525 16582
 1526 16967
 1527 17585
 1528 18095
 1529 17634
 1530 15900
 1531 13770
 1532 11061
 1533 8271
 1534 5959
 1535 4311
 1536 2951
 1537 2039
 1538 1678
 1539 1293
 1540 1195
 1541 1059
 1542 1009
 1543 832
 1544 838
 1545 735
 1546 739
 1547 759
 1548 840
 1549 940
 1550 1067
 1551 1138
 1552 1209
 1553 1172
 1554 1125
 1555 1030
 1556 875
 1557 753
 1558 648
 1559 534
 1560 512
 1561 447
 1562 446
 1563 442
 1564 367
 1565 366
 1566 359
 1567 378
 1568 336
 1569 348
 1570 333
 1571 343
 1572 337
 1573 388
 1574 328
 1575 379
 1576 311
 1577 342
 1578 319
 1579 335
 1580 307
 1581 331
 1582 309
 1583 365
 1584 349
 1585 378
 1586 343
 1587 342
 1588 358
 1589 379
 1590 381
 1591 433
 1592 496
 1593 499
 1594 529
 1595 591
 1596 572
 1597 630
 1598 582
 1599 558
 1600 523
 1601 504
 1602 458
 1603 438
 1604 390
 1605 405
 1606 365
 1607 389
 1608 421
 1609 350
 1610 376
 1611 401
 1612 389
 1613 379
 1614 367
 1615 354
 1616 324
 1617 318
 1618 306
 1619 276
 1620 288
 1621 284
 1622 277
 1623 257
 1624 277
 1625 289
 1626 266
 1627 289
 1628 296
 1629 278
 1630 270
 1631 319
 1632 281
 1633 285
 1634 273
 1635 278
 1636 245
 1637 267
 1638 253
 1639 246
 1640 233
 1641 249
 1642 251
 1643 237
 1644 269
 1645 260
 1646 276
 1647 271
 1648 257
 1649 253
 1650 252
 1651 250
 1652 251
 1653 251
 1654 264
 1655 256
 1656 250
 1657 277
 1658 250
 1659 241
 1660 245
 1661 243
 1662 315
 1663 258
 1664 238
 1665 254
 1666 268
 1667 243
 1668 266
 1669 254
 1670 274
 1671 263
 1672 226
 1673 231
 1674 223
 1675 250
 1676 250
 1677 263
 1678 226
 1679 239
 1680 230
 1681 236
 1682 236
 1683 240
 1684 236
 1685 229
 1686 214
 1687 226
 1688 226
 1689 266
 1690 245
 1691 262
 1692 250
 1693 247
 1694 233
 1695 240
 1696 234
 1697 223
 1698 237
 1699 221
 1700 233
 1701 256
 1702 223
 1703 252
 1704 221
 1705 220
 1706 211
 1707 244
 1708 232
 1709 235
 1710 211
 1711 236
 1712 225
 1713 225
 1714 217
 1715 226
 1716 208
 1717 235
 1718 211
 1719 242
 1720 230
 1721 217
 1722 231
 1723 232
 1724 220
 1725 216
 1726 217
 1727 216
 1728 203
 1729 207
 1730 216
 1731 210
 1732 212
 1733 246
 1734 212
 1735 203
 1736 216
 1737 193
 1738 229
 1739 209
 1740 209
 1741 216
 1742 201
 1743 202
 1744 214
 1745 203
 1746 216
 1747 215
 1748 197
 1749 208
 1750 221
 1751 208
 1752 196
 1753 193
 1754 210
 1755 204
 1756 205
 1757 185
 1758 189
 1759 216
 1760 239
 1761 215
 1762 198
 1763 207
 1764 196
 1765 211
 1766 222
 1767 221
 1768 212
 1769 190
 1770 196
 1771 219
 1772 217
 1773 219
 1774 203
 1775 222
 1776 247
 1777 210
 1778 206
 1779 204
 1780 199
 1781 214
 1782 216
 1783 209
 1784 213
 1785 190
 1786 222
 1787 203
 1788 193
 1789 212
 1790 199
 1791 213
 1792 225
 1793 240
 1794 218
 1795 195
 1796 215
 1797 214
 1798 207
 1799 196
 1800 210
 1801 202
 1802 211
 1803 206
 1804 210
 1805 223
 1806 207
 1807 233
 1808 254
 1809 225
 1810 243
 1811 225
 1812 254
 1813 219
 1814 246
 1815 245
 1816 245
 1817 249
 1818 245
 1819 228
 1820 224
 1821 225
 1822 267
 1823 219
 1824 258
 1825 233
 1826 224
 1827 175
 1828 200
 1829 197
 1830 215
 1831 232
 1832 211
 1833 205
 1834 197
 1835 233
 1836 218
 1837 202
 1838 231
 1839 186
 1840 189
 1841 227
 1842 216
 1843 213
 1844 213
 1845 219
 1846 202
 1847 228
 1848 215
 1849 220
 1850 204
 1851 188
 1852 252
 1853 191
 1854 235
 1855 237
 1856 204
 1857 233
 1858 261
 1859 250
 1860 234
 1861 254
 1862 271
 1863 232
 1864 233
 1865 240
 1866 209
 1867 241
 1868 229
 1869 241
 1870 227
 1871 220
 1872 224
 1873 214
 1874 211
 1875 198
 1876 197
 1877 183
 1878 176
 1879 170
 1880 169
 1881 172
 1882 151
 1883 165
 1884 150
 1885 167
 1886 176
 1887 175
 1888 193
 1889 152
 1890 179
 1891 177
 1892 152
 1893 163
 1894 178
 1895 171
 1896 164
 1897 170
 1898 154
 1899 168
 1900 184
 1901 180
 1902 153
 1903 144
 1904 162
 1905 155
 1906 169
 1907 164
 1908 149
 1909 160
 1910 162
 1911 203
 1912 158
 1913 148
 1914 149
 1915 143
 1916 161
 1917 167
 1918 150
 1919 143
 1920 157
 1921 181
 1922 149
 1923 138
 1924 167
 1925 151
 1926 156
 1927 166
 1928 160
 1929 141
 1930 143
 1931 160
 1932 155
 1933 152
 1934 164
 1935 162
 1936 174
 1937 155
 1938 149
 1939 150
 1940 153
 1941 155
 1942 147
 1943 164
 1944 178
 1945 167
 1946 168
 1947 144
 1948 160
 1949 150
 1950 182
 1951 138
 1952 138
 1953 146
 1954 158
 1955 112
 1956 147
 1957 152
 1958 147
 1959 155
 1960 143
 1961 158
 1962 142
 1963 149
 1964 137
 1965 163
 1966 155
 1967 150
 1968 155
 1969 161
 1970 159
 1971 140
 1972 151
 1973 159
 1974 139
 1975 144
 1976 141
 1977 141
 1978 126
 1979 152
 1980 130
 1981 144
 1982 119
 1983 152
 1984 136
 1985 154
 1986 148
 1987 152
 1988 171
 1989 172
 1990 162
 1991 150
 1992 156
 1993 171
 1994 170
 1995 157
 1996 158
 1997 184
 1998 181
 1999 150
 2000 167
 2001 153
 2002 160
 2003 163
 2004 206
 2005 187
 2006 184
 2007 173
 2008 202
 2009 191
 2010 183
 2011 179
 2012 189
 2013 172
 2014 197
 2015 204
 2016 176
 2017 184
 2018 0
 2019 0
 2020 0
 2021 0
 2022 0
 2023 0
 2024 0
 2025 0
 2026 0
 2027 0
 2028 0
 2029 0
 2030 0
 2031 0
 2032 0
 2033 0
 2034 0
 2035 0
 2036 0
 2037 0
 2038 0
 2039 0
 2040 0
 2041 0
 2042 0
 2043 0
 2044 0
 2045 0
 2046 0
 2047 0
