 1 1  2.69356755829847E-03  0.0192
 2 0.989451553015919  -3.57083364017229E-04  0.023
 3 1  -3.57083364017229E-04  0.01
 4 0.9778384093741  7.18017230846951E-03  0
 5 1.01442102757448  -1.37731003459152E-02  4.74230509095887E-02
 6 0.954718125919676  5.53299433859628E-03  0
 7 1.00144991198242  -4.86443512465959E-02  7.04455869819506E-03
 8 1.26111105247899  -8.48471604782678E-02  0
 9 1.26221609647021  1.19431932925446E-02  0.101391121270808
 10 1.03683185731414  7.43027315211435E-02  -0.35
 11 1  0.005  0.007
 12 0.985  0.002  0
 13 1  0  0
 14 0.98  -0.005  -4.12988343849617E-03
 15 1.03673276212487  0.14873415927166  8.17059109935211E-02
 16 1  0  -4.9965904433425E-03
 17 1.29546972904053  -4.86986060570825E-02  -0.40381391670602
 18 1  0  0.126239010927415
 19 1.15093239977381  1.06459778747632E-02  -2.56379979781479E-03
 20 0.962952438318025  0.061663071602266  -0.255315089392296
 21 1  0  0
 22 1  0  0
 23 1  0  0
 24 1  0  0
 25 1  0  0
 26 1  0  0
 27 1  0  0
 28 1  0  0
 29 1  0  0
 30 1  0  0
 31 1  0  0
 32 1  0  0
 33 1  0  0
 34 1  0  0
 35 1  0  0
 36 1  0  0
 37 1  0  0
 38 1  0  0
 39 1  0  0
 40 1  0  0
 41 1  0  0
 42 1  0  0
 43 1  0  0
 44 1  0  0
 45 1  0  0
 46 1  0  0
 47 1  0  0
 48 1  0  0
 49 1  0  0
 50 1  0  0
