spec_fit_0
 1 15008024.1176134    1
 2 144566.171813822    1
 3 514.031759362087    1
 4 10705.6786870311    1
 5 7143.38643576351    1
 6 0    0
 7 0    0
 8 0    0
 9 0.23813110787511    1
 10 0.0027    0
 11 0    0
 12 0.0003    0
 13 0    0
 14 1.76019832219881    1
 15 -0.27769796002022    1
 16 0.0755436645042142    1
 17 0.192704827109228    1
 18 0.0806094517870457    1
 19 9.03508975255774    1
 20 0.000243260254229692    1
 21 1.94525649583621    1
 22 0.211455748296139    1
 23 87.9998426551211    1
 24 43671.2086359937    1
 25 0.648827435287385    1
 26 0    0
 27 0    0
 28 148.9    0
 29 0.881889613247637    1
 30 26671753503.4145    1
 31 0.767313659172956    1
 32 85.279889286359    1
 33 94.2917870692594    1
 34 0.000277273114839232    1
 35 0.000325650706137478    1
 36 2.81421380791987    1
 37 0    0
 38 12.7464144359055    0
 39 0    0
 40 148701.355642294    1
 41 0    0
 42 0    0
