spec_fit_3
 1 5887832.70454871    1
 2 1803722.18340545    1
 3 2479.30827690856    1
 4 2998.63138085989    1
 5 38007.2411279005    1
 6 0    0
 7 0    0
 8 0    0
 9 0.198984506080176    1
 10 0.0770567729875322    1
 11 0    0
 12 0    0
 13 0    0
 14 0.849206881494332    1
 15 -0.133390048928067    1
 16 0.0756081397742526    1
 17 0.196407196661477    1
 18 0.0281816431024318    1
 19 4.64238972351859    1
 20 0.000306455653574316    1
 21 1    0
 22 0.205654611228688    1
 23 88.0057846977551    1
 24 66062.2705068361    1
 25 0.36553884628085    1
 26 0    0
 27 0    0
 28 149.863583040389    1
 29 0.673461896806507    1
 30 8580125472.39642    1
 31 2.32791909491811    1
 32 85.0918943253491    0
 33 73.3235813426719    1
 34 0.00109276895440549    1
 35 0.000829573067879106    1
 36 5.67156243094616    1
 37 0.0310387815230049    1
 38 -13.8592509603487    1
 39 0.00656465390678436    1
 40 67692.9901302057    1
 41 0.143140693319009    1
 42 0    0
