$SPEC_ID:
C:\MEXRF\convert\HC_S4FP_XRF_R002_net.spe
$SPEC_REM:
Sample ID: No
$DATE_MEA: 
01-01-65 12:00
$MEAS_TIM: 
2000 2275.21
$ENER_FIT: 
-0.26279 0.07554
$KED DECLARED U235 ENRICHMENT: 
0.7
$KED DECLARED PU ATOMIC WEIGHT: 
239.63
$KED PATH LENGTH: 
1.414
$KED SAMPLE TEMPERATURE: 
28.2
$DATA: 
0 2047
0
0
0
0
0
0
0
0
0
0
0
0
0
0
0
0
30
186
321
389
1022
2579
3808
4383
4559
4719
4661
4657
4479
4539
4444
4524
4347
4189
4339
4248
4152
4108
4097
4079
4104
4105
3975
3934
3845
3919
3811
3785
3776
3796
3699
3672
3589
3668
3597
3428
3581
3515
3435
3387
3513
3440
3360
3397
3344
3330
3302
3291
3157
3229
3181
3103
3159
3174
3113
3162
3153
3056
2919
3055
3095
3064
3029
2977
3129
3028
2937
2926
2851
2891
2986
2838
2888
2892
3005
2982
2925
2943
2876
2917
2934
2926
2962
3141
4020
4986
5812
5733
4749
3846
3306
2990
2916
2969
3062
3044
3261
3582
3490
3305
3205
2971
2951
2752
2831
2895
2973
3025
3076
3103
3070
3197
3025
3057
3092
3144
3049
3012
3026
3065
3176
3176
3197
3245
3373
3718
3921
3960
4065
4042
3779
3608
3568
3549
3452
3591
3752
3963
4507
5598
6780
7671
8112
7479
6175
4911
4253
3737
3710
3683
3760
3830
3692
3824
3722
3721
3734
3819
3821
3747
3807
3877
3914
4075
4251
4136
4262
4186
4062
3986
4154
4251
4039
4138
4174
4195
4459
4859
5619
5699
5546
5095
4668
4368
4447
4532
4466
4450
4356
4299
4284
4404
4367
4310
4377
4277
4354
4353
4450
4418
4477
4431
4453
4461
4570
4401
4482
4631
4482
4629
4575
4664
4642
4609
4647
4582
4654
4821
4738
4616
4736
4685
4655
4664
4621
4611
4698
4916
4585
4657
4604
4879
4924
4772
4966
4748
4799
4859
4899
4831
4947
4832
4888
4953
4914
5018
5020
5182
5046
5167
5170
5368
5338
5291
5319
5424
5500
5640
5468
5608
5677
5831
5988
5941
6091
6375
7252
9076
13210
20576
30449
40991
48669
48823
41257
28665
17435
10105
6580
5352
5133
5016
5117
4991
5018
4929
5059
5076
5004
4939
5000
5014
5012
4926
4990
5089
4935
5150
5028
5209
5203
5283
5265
5331
5397
6300
8116
11849
16757
21366
22770
19977
14903
10459
7984
7799
8044
7970
7102
5972
5094
4448
4110
4084
3889
3902
3861
3735
3766
3845
3785
3651
3556
3518
3595
3549
3515
3320
3397
3338
3161
3153
3112
3156
3050
2985
3004
2964
2858
2860
2859
2802
2648
2611
2616
2643
2615
2513
2556
2443
2437
2443
2370
2335
2327
2330
2289
2322
2227
2297
2197
2262
2250
2217
2139
2118
2130
2076
2116
2067
2070
2070
2020
1986
2008
2028
2027
2110
1961
1985
1962
1966
2017
1996
1835
1807
2027
1901
1896
1822
1864
1817
1886
1824
1808
1697
1784
1826
1762
1696
1692
1730
1643
1685
1705
1645
1636
1631
1640
1566
1584
1605
1496
1564
1486
1422
1431
1425
1426
1415
1298
1316
1355
1304
1250
1288
1249
1272
1213
1244
1257
1166
1131
1115
1118
1119
1109
1036
1010
1065
984
1009
1014
993
1046
935
940
883
1000
894
926
954
874
879
821
865
835
913
901
840
852
824
882
953
851
918
863
868
777
791
771
704
715
705
678
676
696
685
684
664
672
611
666
656
654
652
677
678
723
706
705
656
683
623
641
640
615
619
637
668
637
639
626
654
654
590
635
613
611
631
632
597
557
577
600
561
546
559
552
554
551
565
589
612
564
579
658
731
833
914
928
848
805
663
650
737
794
864
1009
1035
1003
891
817
787
663
623
657
616
543
612
611
585
565
581
528
599
579
615
574
601
587
565
584
572
566
610
616
637
712
620
668
661
643
650
640
653
619
657
676
644
699
657
668
656
737
755
723
719
788
755
752
749
837
791
825
888
876
894
972
943
1006
1027
1107
1144
1216
1295
1302
1353
1459
1515
1561
1631
1804
2027
1991
2105
2022
2000
1933
1837
1798
1824
1780
1801
1775
1784
1763
1655
1596
1678
1722
1668
1709
1753
1683
1661
1606
1652
1684
1710
1736
1743
1792
1736
1854
1823
1899
1930
1881
1930
1952
2048
2144
2129
2138
2202
2366
2386
2321
2399
2505
2521
2656
2602
2740
2736
2824
2993
3065
3133
3217
3303
3430
3445
3709
3873
4118
4250
4488
4663
4829
5119
5406
5593
5570
5803
5971
6035
6091
6095
6178
6280
6270
6328
6281
6338
6364
6276
6121
6211
6318
6189
6170
6422
6155
6102
6135
6181
6098
5961
5914
5892
5940
6022
5878
6017
5938
6062
5970
5907
5964
6003
5947
5874
5904
6102
6090
6022
6228
6405
6370
6554
7036
7643
8746
10573
11679
12732
12799
12006
10848
9601
8461
7938
7700
7573
7730
7893
8042
8539
9354
10813
13432
16266
18836
20679
20823
19820
17168
14547
12570
11064
10375
9980
9822
9894
10084
10009
10249
10290
10558
10808
10621
11036
11129
11334
11439
11470
11791
11746
11871
12443
12679
12701
12669
12964
13235
13324
13574
13577
14072
13945
14483
14489
14642
15101
15380
15623
15749
15895
15835
16480
16462
16767
17046
17239
17566
17824
18295
18408
18723
18598
19287
19223
19470
19774
20015
20378
20562
20576
21145
21303
21320
21703
21647
22044
22277
22388
22986
23005
23243
23837
24159
24108
24259
24691
25067
25414
25623
25525
25991
26356
26563
26893
27369
27353
27487
27729
28527
28485
28757
29182
29858
30423
31107
32150
33439
34228
34955
35574
35863
35534
35433
34323
34206
33816
33812
34049
34046
34542
34765
34887
35076
35100
35918
36375
36591
37432
37670
37712
38361
38883
39627
40404
40698
41009
41283
40906
41255
41012
41462
41686
41764
41742
42131
42310
42897
42920
43465
44113
44140
44417
45010
45035
45876
45632
46384
46661
46925
47629
47290
48298
48288
48858
48847
49448
49543
50409
50990
51105
50997
51145
51469
51856
52383
52255
52612
53414
53803
53911
54431
54907
55283
55269
55429
55892
55555
56550
56604
56947
57283
57071
57506
57747
58199
58698
58494
58700
59517
59223
59507
60165
60393
60196
61186
61011
61200
61648
61807
61948
62463
62959
63412
63546
63455
64442
64238
64251
64124
64672
64382
65046
65111
65635
65143
65850
65870
66466
66237
67021
66480
67325
67390
68001
67620
67954
68153
68470
68708
68981
68987
69508
69339
70007
69637
70152
70857
70781
70726
70669
71238
71717
71729
71714
72482
71892
72400
72823
72760
72919
73091
73094
72989
73187
73281
73734
73681
73490
74125
73498
74067
74053
74211
74574
73897
74491
74542
74443
74487
73993
74522
74564
74753
74047
74330
73762
73411
73073
73517
73075
73316
73250
72068
72262
72082
71772
71624
71280
71249
71023
70563
70456
70264
69978
69629
69657
69309
69167
68689
68497
68551
68292
68195
67647
67846
67951
67834
67992
67800
67639
67534
67518
67579
67672
67199
67184
67028
67452
67120
66657
66813
66766
67172
65927
66431
66392
66102
66664
66440
66843
66551
66826
67095
66821
66864
66440
66132
65956
66004
65267
65349
65478
65027
64934
65025
64726
64685
64456
64265
64472
64318
64019
63570
64173
63823
63700
64223
63492
63172
63012
63457
62956
62836
61866
62364
62321
62278
62501
62806
63552
66069
68996
72963
75866
79048
80083
78376
74418
69960
65853
63302
62052
60635
60243
59570
59321
58787
58495
57992
57717
57106
56921
56220
56837
56613
56450
56133
55913
55737
55071
55192
54623
54993
54025
53803
53599
53469
52880
53155
52615
52286
52277
51746
51444
51483
51058
50547
50372
49700
49602
49664
48964
49256
48927
48312
48159
47836
47654
47367
47222
46715
46653
46556
46312
45638
45667
45518
45143
45053
45110
44655
44642
44271
43875
44489
44932
44663
45100
46305
46963
48341
50079
52287
56179
63045
76092
99030
140575
206081
302182
419971
541569
638426
684449
660187
575818
456243
333221
227704
150243
98827
69268
52725
43290
37677
34257
31644
30215
29154
27378
26678
25604
24828
24129
23533
22875
22834
22225
22180
21714
21738
21782
21823
22080
22009
22788
23199
23829
24863
26393
28169
30845
35106
41571
53599
75206
114188
181384
289797
443498
632642
833477
995858
1073011
1040944
915875
727731
528595
352258
222190
135580
83798
55269
40269
32011
27910
25474
23624
21869
19964
17516
15515
13641
12009
10588
9894
9041
8456
8288
7668
7479
7253
7124
6800
6575
6444
6396
6185
6100
6071
5956
5782
5590
5567
5314
5200
5059
4947
4970
5016
5047
4841
4772
4746
4540
4513
4304
4266
4271
4190
4244
4152
4249
4180
4312
4473
4902
5434
6532
7935
9891
11834
13660
14408
14401
13252
11487
9556
7473
6224
5184
4462
4157
3974
3792
3791
3612
3516
3485
3598
3485
3393
3541
3390
3465
3389
3490
3412
3392
3272
3406
3299
3380
3360
3561
3539
3648
3676
3803
3763
3780
3698
3663
3542
3534
3414
3366
3427
3369
3303
3264
3358
3301
3343
3429
3414
3382
3428
3539
3539
3598
3553
3547
3660
3638
3719
3824
3846
3907
4030
3985
4186
4282
4433
4560
4693
4890
5228
5497
5847
6279
7263
8721
11040
14888
21034
31425
46197
66265
88467
110248
125436
131910
126984
112797
95666
82284
77611
86108
109635
143544
184203
220956
242739
244367
224367
187400
144502
103801
71595
48369
34046
25134
19787
16294
13421
10767
8739
7033
5742
4971
4324
4059
3723
3628
3447
3531
3409
3393
3523
3538
3708
3981
4114
4724
5504
7085
9607
13769
19753
28353
40138
53324
66763
78506
87069
89748
86267
76587
64456
50741
38441
30500
25699
24070
25342
27692
28955
29359
27530
24065
19840
15287
11045
7710
5500
4035
3311
2884
2565
2368
2165
1965
1725
1628
1490
1612
1699
1971
2257
2461
2694
2781
2633
2443
2115
1811
1516
1282
1142
1035
961
938
932
904
880
858
810
855
851
762
780
792
793
793
817
829
796
825
783
773
781
774
791
834
831
813
825
815
945
1005
990
1117
1273
1363
1428
1401
1513
1337
1340
1152
1073
1055
962
849
865
860
868
919
923
926
839
905
776
835
728
747
689
698
695
650
695
696
743
835
968
1092
1209
1336
1382
1390
1306
1155
967
900
841
707
673
654
680
681
651
647
620
653
664
605
663
628
606
641
615
607
624
628
607
606
608
578
619
589
597
591
591
551
573
603
591
620
558
576
586
620
555
621
579
597
550
598
555
596
544
570
559
525
594
505
579
605
614
554
545
554
563
587
555
587
542
551
534
545
483
550
509
564
571
535
515
559
557
572
557
538
544
575
526
533
546
538
537
524
536
510
539
560
515
537
522
536
530
544
497
520
512
538
576
510
527
521
508
524
512
492
526
535
500
490
569
505
510
512
493
510
546
476
513
503
493
534
520
509
545
508
511
493
536
480
522
507
476
506
527
479
454
499
504
481
440
518
488
461
527
505
498
459
477
487
520
473
493
414
503
471
463
512
495
504
492
493
449
485
463
482
493
465
505
469
487
483
492
491
442
409
494
480
513
435
500
484
502
488
426
460
437
434
476
468
479
433
407
515
420
476
455
491
459
459
433
484
466
463
430
440
443
432
478
458
450
468
436
459
467
481
492
446
483
499
435
454
464
474
443
442
425
445
466
445
440
478
466
423
441
489
497
451
463
474
469
477
467
471
459
439
445
460
480
444
452
436
485
462
455
454
452
457
470
473
505
473
449
437
456
445
485
499
475
496
415
483
500
456
438
458
469
482
464
456
478
470
451
452
423
435
460
459
458
454
450
448
444
416
475
458
433
468
473
462
450
461
486
447
461
482
533
462
484
486
448
461
480
468
516
462
457
464
489
480
458
471
470
460
533
491
511
512
482
456
483
463
489
453
494
467
478
484
511
527
510
507
526
461
493
466
493
552
475
510
551
509
515
535
527
532
459
494
494
538
516
528
500
500
523
550
512
490
522
558
531
564
551
527
559
537
571
550
574
555
563
603
573
546
549
566
528
570
581
532
594
564
586
599
573
549
596
612
590
576
570
603
565
592
647
582
608
609
0
420
0
