$SPEC_ID:
C:\MEXRF\convert\HC_S5FP_XRF_R002_net.spe
$SPEC_REM:
Sample ID: No
$DATE_MEA: 
01-01-65 12:00
$MEAS_TIM: 
2000 2220.18
$ENER_FIT: 
-0.05096 0.07545
$KED DECLARED U235 ENRICHMENT: 
0.7
$KED DECLARED PU ATOMIC WEIGHT: 
239.63
$KED PATH LENGTH: 
1.414
$KED SAMPLE TEMPERATURE: 
28.2
$DATA: 
0 2047
0
0
0
0
0
0
0
0
0
-1
0
0
-1
-1
-1
-1
-2
-31
-155
-132
432
1148
1512
1641
1699
1747
1742
1690
1682
1657
1664
1591
1590
1548
1646
1524
1494
1524
1496
1429
1435
1405
1432
1480
1361
1339
1416
1349
1326
1333
1207
1345
1287
1289
1257
1280
1294
1267
1308
1275
1159
1225
1172
1149
1252
1179
1239
1214
1211
1235
1164
1148
1201
1225
1199
1193
1159
1234
1215
1196
1197
1251
1261
1189
1202
1283
1304
1154
1212
1212
1234
1202
1264
1241
1246
1255
1235
1263
1207
1272
1361
1346
1297
1290
1258
1253
1294
1241
1416
1482
1524
1500
1567
1515
1479
1377
1501
1478
1555
1486
1577
1602
1535
1572
1599
1632
1741
1818
1791
1909
1816
1708
1862
1896
1818
1878
1917
1801
1920
1987
1925
1998
1989
1917
1939
2072
2023
2179
2265
2259
2223
2359
2339
2369
2373
2337
2349
2393
2453
2342
2437
2634
2496
2640
2647
2689
2641
2659
2738
2760
2831
2881
2730
2857
2850
2912
2898
2814
2954
2877
2871
3010
3039
3045
3031
3132
3017
3099
3165
3151
3174
3086
3144
3201
3162
3282
3297
3156
3225
3230
3392
3269
3393
3335
3260
3468
3166
3329
3371
3321
3396
3431
3392
3285
3415
3360
3504
3378
3469
3362
3418
3513
3350
3306
3419
3340
3357
3418
3401
3370
3551
3392
3311
3460
3268
3277
3336
3296
3343
3302
3233
3296
3283
3234
3273
3251
3182
3241
3184
3158
3065
3144
3079
3165
3108
3127
3097
2970
2891
3012
2991
2953
2961
2943
2857
2849
2826
2815
2780
2768
2752
2704
2677
2714
2646
2587
2669
2622
2580
2514
2487
2553
2493
2440
2421
2387
2297
2171
1986
1591
1639
1412
1507
2022
2693
2872
2524
2356
2166
2008
2115
2008
2017
1885
1898
1806
1849
1842
1859
1840
1785
1692
1849
1754
1704
1693
1706
1649
1597
1512
1529
1534
1494
1492
1505
1392
1345
1076
1146
1134
1190
1477
1607
1532
1363
1162
1092
1277
1273
1175
1194
1161
1182
994
1087
1107
1054
971
1004
959
1013
965
956
892
936
926
891
909
812
853
859
881
835
771
850
760
762
742
710
719
714
677
636
597
667
643
598
628
679
525
641
578
576
583
588
596
544
546
606
525
533
532
521
560
450
479
428
488
473
515
512
441
485
474
485
474
456
451
429
476
445
439
441
442
445
433
461
404
421
407
444
416
413
389
400
384
399
467
429
455
381
413
358
385
394
379
396
407
422
443
423
440
444
433
396
393
370
306
370
312
314
325
378
420
442
463
430
414
486
544
568
542
470
401
348
359
290
282
290
329
328
330
310
321
382
399
390
459
367
396
348
324
289
323
366
416
528
652
713
696
591
649
789
948
1195
1247
1103
860
623
475
457
363
297
244
269
222
231
249
226
281
233
277
251
242
274
329
344
401
448
541
610
605
502
488
402
353
303
339
382
457
578
577
639
610
475
406
403
360
417
402
442
365
348
291
275
263
220
297
295
346
347
350
377
378
465
611
897
1365
1929
2362
2578
2277
1875
1323
1005
942
1329
2011
2706
3214
3221
2691
1920
1392
937
724
541
516
479
330
349
354
348
347
358
323
374
391
427
363
415
421
371
393
388
405
428
499
532
613
727
708
667
646
616
571
536
569
501
565
595
587
596
608
639
677
749
757
790
812
837
829
894
940
970
1026
1067
1223
1156
1307
1335
1433
1535
1629
1680
1757
1975
2061
2151
2453
2880
3300
3799
4192
4406
4445
4169
3751
3333
3008
3011
2823
2694
2614
2633
2467
2482
2510
2542
2657
2771
2831
2786
2825
2707
2554
2496
2497
2387
2530
2551
2605
2624
2639
2719
2806
2885
2907
2880
3051
3063
3205
3297
3373
3567
3474
3617
3709
3703
3949
4028
4089
4124
4362
4435
4544
4701
4943
5001
5215
5471
5652
5694
6066
6281
6888
7158
7525
7719
8184
8487
8886
9181
9619
9725
9879
10111
10213
10422
10436
10501
10299
10423
10357
10354
10327
10309
10087
10250
10391
9995
10179
9997
9890
9764
9728
9548
9487
9290
9351
9086
9206
9120
9019
8957
8813
8988
9010
8962
8993
8989
8915
9166
9032
9315
9284
9424
9444
9410
9571
9757
9933
10412
10915
12195
13281
14789
15803
16335
15733
14691
13551
12662
11972
11733
11884
12080
12327
12359
12841
13519
15057
16934
19409
21934
23501
23812
22204
20379
18202
16682
15831
15450
15390
15285
15481
15540
15838
16295
16317
16503
16940
17143
17442
17956
17978
18132
18586
18584
18887
18990
19228
19842
20102
20477
20490
20845
21092
21485
21666
22006
22328
22756
22931
23418
23681
24247
24238
24454
24877
25179
25493
25869
26273
26552
26905
27072
27725
28181
28232
28874
29113
29216
29836
29867
30279
30860
30956
31603
32035
31995
32007
32977
33166
33841
33943
34039
34807
35171
35079
35578
36155
36361
36671
36737
37420
37893
38240
38721
38611
39095
39769
40030
40180
40585
40879
41640
42128
41752
42772
42972
43917
44336
44845
46140
46727
47871
48119
49305
50290
50420
50305
50201
49511
49667
49387
49463
50069
50233
50261
50713
51526
51780
52066
52302
52837
52833
53658
54497
54291
54982
55330
56385
57337
57373
57859
58184
58367
58430
58134
58557
58792
58460
58760
59198
59773
59615
60419
60816
60836
61228
61788
62658
62948
63180
63597
63701
64254
64849
65642
65206
65907
66759
66685
66644
67070
68537
68160
69088
69150
69371
70030
70216
70881
70856
71124
71755
72354
72117
72635
73025
73472
73712
74294
74336
75371
75365
75502
75661
76146
76748
77397
77191
77742
78093
78141
78559
78839
79468
79441
79628
80246
80542
80787
80745
81138
82166
81987
82857
82564
83277
83637
83900
84273
84566
84495
85144
84671
85011
85907
85288
86687
86437
86407
86586
86757
87297
87089
87823
87993
88307
88262
88553
88886
89227
88896
89821
89339
89942
90368
90359
90810
91021
91759
91606
91481
91585
91954
92294
92653
93295
93095
93135
93152
93700
93498
93659
94102
94228
93877
93472
94247
94618
94814
94801
94926
94928
95200
95203
95321
95500
95466
95840
95763
96109
95763
95675
95937
95778
95893
95920
96647
95968
96193
96505
96476
96469
96259
96075
96194
96116
96119
95628
96405
96124
95941
96364
96282
95918
96049
96339
95517
95993
95608
96262
95877
95696
95652
95087
95355
95321
95203
94639
94895
95061
95439
94983
94998
95123
94355
94583
94323
93914
94232
94484
93554
93855
93692
93240
93037
93181
92751
92805
92696
92746
92311
92531
92337
92465
92145
91662
92045
91664
90874
90610
90606
91014
89987
89900
89519
90361
89357
88744
89290
89271
88967
89054
88441
87864
87659
87388
87157
86792
85502
86119
85646
85461
84997
84402
84750
84981
84126
83593
83267
83450
83019
82447
82476
81969
81139
81203
80306
79078
79775
79127
79252
79973
79409
79603
78912
78640
77820
77735
76592
76036
76084
75553
75469
74432
74557
73846
73286
72462
72583
71642
70878
71103
71012
70340
69469
69296
68193
68020
68146
67033
66635
66293
65451
64800
65005
63771
63766
62971
62712
62401
61805
61304
60418
60068
59092
58889
58662
57834
57038
56456
56444
56086
54873
54698
53544
53072
52831
52422
51728
50836
50107
49625
49045
48658
47826
47371
46559
46069
45402
45086
44227
43893
43008
42806
41844
41515
41279
40437
40593
40839
41562
43259
47023
54296
64540
78568
93802
107422
113767
111774
101831
86819
69978
55254
43632
35859
30898
27658
25840
24551
23406
22558
21777
20701
20198
19264
18505
17846
17079
16567
15871
15285
14657
14419
13796
13490
13011
12678
12546
12399
11875
11523
11274
11014
10770
10334
10631
10638
10972
12065
13967
18031
25074
37096
54636
77745
102621
125339
137631
137824
124178
101779
75921
52746
34640
22888
15450
11777
9852
9233
9493
9730
10038
9571
9391
8431
7333
6198
5320
4656
4158
3945
3742
3538
3411
3384
3262
3124
3282
3314
3490
3438
3542
3343
3510
3379
3198
2977
2816
2669
2584
2509
2530
2698
2702
2698
2780
2707
2559
2344
2264
2123
2033
1869
1987
1986
1879
1836
1861
2005
2050
2229
2700
3287
4332
5469
6951
8311
8956
9263
8661
7561
6001
4592
3433
2570
2150
1817
1536
1457
1374
1316
1394
1289
1263
1249
1245
1192
1166
1289
1131
1179
1164
1134
1201
1096
1091
1159
1137
1238
1373
1424
1680
1879
1916
2007
1873
1791
1603
1356
1189
1180
1057
976
914
962
942
955
897
883
835
898
850
952
888
898
893
840
874
874
909
885
879
907
835
929
912
995
877
922
954
1032
1080
1040
1102
1199
1246
1300
1534
1905
2549
3693
5368
7461
10156
13057
15131
16372
15972
14604
12652
10655
9585
9933
12156
16172
21206
25799
28748
30090
28374
24350
19225
14075
9932
6605
4579
3579
2720
2301
1879
1671
1272
1092
930
866
764
735
673
694
686
678
642
692
693
681
733
724
778
778
877
971
1242
1752
2347
3373
4775
6309
7847
9430
10624
11113
10842
9790
8313
6553
5272
4039
3424
3083
3183
3473
3620
3856
3761
3333
2959
2340
1826
1446
1318
1196
1224
1227
1260
1082
1111
1027
876
709
718
731
889
1066
1244
1575
1797
1972
1996
1831
1491
1253
1020
747
582
464
425
402
334
302
302
302
250
227
297
268
194
232
290
253
319
317
290
349
314
348
272
319
308
289
269
210
301
345
399
463
591
698
745
890
866
900
868
813
740
652
527
483
389
353
349
351
306
357
317
408
343
379
337
285
240
236
231
222
179
166
182
180
114
67
129
78
110
202
250
400
431
419
436
394
330
303
266
264
252
262
199
194
198
193
219
136
175
185
169
206
168
161
181
193
204
157
188
159
206
122
143
186
199
142
132
164
145
170
163
181
163
151
161
196
182
146
137
168
159
129
171
182
193
180
143
173
154
199
193
152
178
186
166
167
168
209
171
171
174
188
138
181
149
171
189
163
201
191
157
141
165
168
160
170
140
166
208
158
164
178
158
190
167
178
209
176
148
177
162
175
165
194
171
182
179
173
196
205
208
192
178
217
193
162
220
174
162
221
209
192
215
187
225
207
181
194
161
206
165
188
191
220
207
200
188
177
200
198
182
243
195
203
228
212
214
198
230
202
215
231
207
240
241
199
205
219
224
278
222
220
220
245
253
244
200
233
200
241
204
233
214
238
214
287
230
246
257
303
253
201
250
257
277
260
259
246
297
250
243
271
270
262
268
264
332
263
256
292
281
264
252
259
287
292
291
315
267
306
291
295
298
296
319
282
309
335
296
310
333
342
275
305
294
316
300
306
315
360
360
355
329
348
329
344
347
305
334
338
357
353
343
370
358
387
329
347
347
349
356
317
343
382
354
349
360
360
412
384
380
384
383
365
349
340
406
388
388
410
409
378
379
366
385
415
423
393
401
415
451
418
409
411
452
413
463
450
410
413
416
423
395
444
428
446
445
457
471
391
414
455
482
447
427
477
491
470
466
462
455
485
460
494
451
460
452
510
487
483
500
476
476
458
495
487
543
508
507
505
539
550
507
510
542
552
553
536
511
463
557
500
541
512
548
605
543
524
536
564
543
537
545
539
552
563
549
538
569
555
583
582
582
579
571
581
585
566
565
535
598
544
584
587
613
563
642
604
581
635
627
586
617
670
622
593
601
677
610
588
659
634
595
668
660
675
628
680
673
685
635
656
651
633
674
679
657
646
694
633
609
712
662
647
700
658
0
1949
0
