$SPEC_ID:
C:\MEXRF\convert\HC_S5FP_XRF_R003_net.spe
$SPEC_REM:
Sample ID: No
$DATE_MEA: 
01-01-65 12:00
$MEAS_TIM: 
2000 2220.21
$ENER_FIT: 
-0.05083 0.07545
$KED DECLARED U235 ENRICHMENT: 
0.7
$KED DECLARED PU ATOMIC WEIGHT: 
239.63
$KED PATH LENGTH: 
1.414
$KED SAMPLE TEMPERATURE: 
28.2
$DATA: 
0 2047
0
0
0
0
0
0
0
0
0
0
-1
0
-1
-1
0
-2
-2
-40
-154
-132
358
1158
1561
1635
1725
1691
1637
1658
1693
1581
1625
1651
1627
1535
1535
1490
1499
1499
1453
1426
1436
1447
1381
1417
1402
1449
1350
1331
1315
1320
1317
1329
1290
1317
1259
1312
1276
1307
1263
1239
1294
1279
1184
1220
1179
1216
1215
1286
1174
1184
1144
1207
1168
1216
1142
1242
1263
1210
1212
1195
1188
1159
1200
1235
1261
1213
1254
1156
1219
1168
1257
1254
1194
1152
1247
1239
1140
1280
1276
1253
1281
1309
1324
1288
1351
1214
1299
1305
1427
1442
1485
1448
1580
1404
1425
1440
1436
1527
1485
1554
1517
1616
1575
1534
1610
1690
1696
1803
1758
1832
1811
1782
1810
1767
1800
1841
1837
1818
1893
1975
1947
1980
2022
1940
1991
2036
2111
2250
2278
2298
2352
2316
2365
2333
2469
2362
2406
2379
2362
2429
2416
2565
2462
2605
2588
2649
2688
2748
2696
2692
2776
2862
2833
2824
2877
2878
2896
2955
2997
2901
3001
2991
3115
3075
2972
3171
2983
3164
3167
3163
3142
3206
3154
3228
3259
3212
3268
3238
3332
3229
3270
3276
3356
3313
3412
3358
3432
3419
3366
3349
3394
3367
3376
3294
3444
3441
3444
3384
3332
3516
3379
3394
3432
3517
3489
3383
3451
3312
3385
3376
3335
3445
3293
3288
3291
3301
3461
3363
3221
3356
3250
3252
3268
3176
3259
3218
3117
3166
3267
3176
3102
3143
3151
3198
3024
3013
3011
3041
2966
3069
3025
2949
2864
2927
2980
2759
2874
2776
2803
2701
2744
2775
2736
2673
2651
2655
2683
2634
2623
2567
2567
2531
2498
2484
2294
2365
2377
2302
2109
1820
1504
1439
1465
2311
2642
2847
2769
2341
2229
2094
2138
1980
2001
2052
1928
1952
1905
1942
1890
1837
1845
1785
1621
1818
1606
1704
1636
1657
1665
1555
1557
1543
1514
1649
1466
1431
1330
1101
1134
929
1127
1414
1605
1533
1281
1225
1195
1220
1281
1230
1201
1140
1135
1110
1129
985
1060
1053
1017
1015
954
996
985
969
919
947
881
824
837
799
881
838
737
775
778
726
746
731
685
696
684
761
673
674
645
678
611
605
643
610
618
568
579
565
570
594
547
531
522
508
535
561
560
470
495
509
493
473
479
516
491
519
425
475
437
486
476
451
464
442
470
412
439
458
446
434
406
418
442
386
421
386
444
445
407
410
443
457
429
426
402
429
381
390
358
384
321
444
403
442
417
402
426
436
380
388
363
305
340
325
311
363
369
409
389
371
398
414
484
528
559
517
454
370
367
314
264
278
276
300
310
372
327
308
306
375
418
454
388
400
365
365
322
299
355
453
518
611
752
649
609
641
752
890
1145
1189
1036
859
614
487
386
359
274
297
242
235
201
254
264
249
236
259
312
301
292
273
298
419
483
531
504
514
563
439
459
374
323
324
346
475
561
627
655
553
517
399
368
366
427
441
412
340
334
324
292
235
276
290
317
343
325
318
372
424
487
602
884
1350
1954
2321
2637
2404
1859
1316
969
1019
1350
1964
2721
3196
3335
2627
1984
1410
964
704
571
444
418
370
387
372
312
300
353
333
385
384
369
406
416
402
421
406
419
436
463
512
535
656
655
723
658
661
635
569
537
534
583
586
542
630
618
608
676
671
695
813
782
791
806
882
917
918
962
1000
1109
1145
1207
1290
1374
1432
1552
1629
1727
1754
1879
2107
2286
2486
2779
3299
3639
4244
4569
4501
4189
3732
3353
3035
2870
2865
2683
2825
2608
2570
2624
2395
2523
2525
2720
2740
2817
2701
2643
2670
2512
2484
2459
2475
2468
2553
2529
2645
2757
2714
2800
2900
2974
2982
3087
3157
3259
3366
3416
3493
3615
3620
3818
3970
4003
4124
4251
4270
4460
4614
4740
4829
5047
5227
5332
5538
5939
6210
6470
6691
7128
7470
7803
8326
8515
9033
9339
9470
9719
9925
10045
10419
10444
10404
10652
10725
10205
10303
10410
10275
10309
10279
10227
10114
10192
10012
10037
9965
9908
9746
9529
9442
9274
9307
9136
9161
9047
8933
8937
8976
8872
8824
8883
8993
8848
9026
9239
9137
9157
9194
9101
9403
9445
9710
9826
9950
10516
10855
11594
13050
14843
15668
16067
15462
14514
13295
12729
12031
11647
11586
11978
12215
12407
12920
13687
15043
17068
19218
21887
23301
23457
22249
20099
18259
16652
15810
15397
15294
15248
15643
15945
15954
16125
16441
16835
17171
17179
17458
17611
17494
18052
18491
18667
19142
19204
19325
19874
19989
20269
20449
20976
21055
21327
21751
21994
22575
22627
23186
23272
23704
24070
23933
24418
24851
24945
25469
25691
26483
26655
27298
27213
27549
28159
28236
28514
29184
29313
29629
30218
30310
30724
31143
31301
31390
32139
32143
32783
33082
33811
33713
34272
34708
35058
35012
35557
36061
36047
36832
37011
37703
37520
38414
38847
38888
39283
39646
39849
40386
40856
40767
41490
41984
42238
42687
42651
43216
44051
45119
45649
46462
47357
48317
49516
50018
50640
50180
50216
50001
49375
49551
49208
49741
50180
50320
50916
51015
51357
52154
52353
52749
53328
53528
53736
54658
55222
55810
56214
56964
57301
57982
58688
58532
58616
58753
58341
59214
58462
58538
59065
59147
59904
60904
61246
61197
61476
61786
62705
62919
62963
63688
64202
64455
64535
64774
65528
66032
66452
67057
67257
67510
67726
67924
68639
69037
69629
69576
69726
70241
70865
71506
71495
72366
72477
72663
73014
73555
73905
74359
74916
74897
74918
75372
75465
76194
76361
76593
77656
77615
77500
78281
78457
78861
79466
79112
79512
80956
80724
80906
81278
81234
81259
81801
82564
82785
83568
84128
84028
84160
84750
85103
84876
84949
85355
85164
85253
85568
86615
86212
86289
87120
87596
87208
87515
88174
88514
88510
89204
88477
89206
89682
89264
89860
90095
90697
90592
91114
90408
91560
91316
92230
91727
92105
91908
92174
92705
92876
92626
93449
93751
93178
93773
94344
94316
94900
94854
94736
94816
94642
94691
94551
95448
95541
95411
95702
95281
95357
96014
95422
95728
95269
95359
95903
96384
96301
96178
95715
95798
96404
96153
96075
96158
96138
96206
96505
96769
95890
95860
95727
96301
96163
96149
95924
96059
96121
96001
95475
96145
96129
95762
96075
95806
95957
95712
95723
95836
95157
95389
95675
95349
94986
95456
94797
95000
94010
93807
93951
93879
94264
94042
94401
93872
93776
93505
93554
92837
93084
92067
92830
92361
92230
92301
92149
92466
91610
91192
91488
91169
91382
91354
91319
90485
90558
90871
89509
90312
89277
89165
89319
88690
88822
88233
88275
87929
87670
86946
86800
86548
85973
86486
86340
85755
85019
85345
84462
84381
84541
84093
83546
83171
82642
82991
82380
82205
80957
80758
80008
79680
79401
78585
79611
79448
79772
79814
78983
77952
77597
77130
76825
75829
75622
76086
74684
74731
73942
73444
73416
72720
71992
71567
71805
71159
70953
69568
69887
69079
68625
67920
67429
67302
66093
65989
65866
65176
64710
64456
63837
63286
62714
62394
61768
61174
60561
59794
59537
58823
58356
58100
56898
56435
56270
55718
55100
54996
53809
53554
52352
51950
51388
50987
50101
49618
49131
47995
47792
47028
46558
46362
45626
45075
44519
43648
43429
42756
41961
41448
41104
40832
40554
40465
41527
43460
47033
53792
64161
78815
93419
106220
113676
111336
101629
86150
69868
55031
43749
36286
30890
27905
26148
24646
23476
22414
21478
21027
20011
18999
18807
17862
17104
16323
15819
15506
14528
14143
13921
13323
12945
12682
12345
12146
11912
11573
11133
10938
10548
10535
10559
10545
11148
12043
14135
18143
25033
37300
54855
77264
103067
125066
138335
137994
124098
101721
76271
52619
34893
22765
15563
11498
9890
9170
9402
9843
10108
9855
9352
8283
7224
6219
5411
4699
4258
3955
3731
3550
3454
3289
3316
3199
3264
3334
3477
3484
3498
3567
3463
3398
3301
2871
2749
2642
2539
2610
2445
2667
2684
2760
2758
2684
2510
2418
2137
2119
2040
1933
1953
1877
1937
1856
1876
1947
2002
2211
2655
3249
4309
5428
6958
8524
9159
9372
8928
7473
6089
4548
3515
2586
2065
1806
1671
1474
1379
1391
1318
1300
1232
1235
1210
1243
1213
1166
1136
1197
1183
1108
1160
1078
1149
1175
1179
1259
1321
1542
1631
1809
1954
2074
1899
1785
1632
1412
1241
1068
992
1018
930
946
940
918
925
869
895
924
895
954
888
863
889
842
844
854
848
880
907
877
891
837
876
940
942
930
974
1007
998
1043
1089
1162
1218
1381
1515
1878
2625
3715
5376
7478
10231
13120
15003
16275
15972
14350
12458
10551
9744
9972
12373
16202
21099
26232
29215
30092
28486
24174
19084
14091
9826
6579
4654
3442
2857
2295
2004
1699
1313
1079
969
921
786
733
683
737
660
662
683
748
715
696
657
809
733
869
897
1031
1300
1648
2421
3381
4660
6241
7841
9529
10601
11086
10612
9932
8460
6865
5164
4175
3369
3076
3187
3377
3821
3901
3581
3430
2865
2440
1839
1514
1304
1273
1195
1237
1265
1214
1137
997
841
665
652
684
798
1001
1262
1632
1805
2006
1927
1944
1500
1255
979
749
554
490
425
374
322
337
290
269
270
263
260
261
273
267
270
262
270
283
321
303
336
325
311
273
213
265
296
272
273
309
373
450
558
655
713
800
836
903
879
836
754
663
539
470
371
363
346
351
373
328
300
386
391
340
327
279
230
233
233
191
179
170
177
150
97
138
110
109
143
217
279
394
434
370
418
349
350
237
239
227
259
288
266
242
215
176
179
176
155
160
152
155
204
192
185
170
189
153
179
163
175
142
162
179
172
156
167
166
152
195
167
136
121
151
161
122
155
178
170
180
167
160
155
165
152
155
170
161
150
178
157
127
140
189
150
166
193
178
156
179
155
165
177
197
167
150
195
180
176
185
177
179
145
160
155
177
166
174
136
154
196
200
173
183
169
149
195
190
155
187
199
152
172
180
155
197
179
190
176
180
216
197
156
182
190
189
180
153
193
165
181
203
198
196
201
193
192
209
192
221
226
215
197
196
208
199
201
183
204
208
210
200
193
206
217
204
235
183
208
230
252
220
204
223
191
226
210
222
248
204
191
201
222
273
233
246
232
261
252
266
239
236
254
237
236
304
245
230
238
274
252
214
266
272
280
279
280
263
251
216
257
244
258
311
289
287
245
317
265
267
279
273
237
281
272
294
312
278
277
326
291
308
346
301
277
297
285
296
330
284
317
303
291
335
334
352
310
333
329
338
305
304
334
336
291
321
298
359
395
320
318
347
384
365
355
348
366
386
363
365
338
365
356
357
387
353
378
364
329
395
382
407
374
375
434
367
411
367
393
423
356
427
408
386
385
391
454
414
387
429
361
382
444
427
445
384
404
383
440
411
469
399
472
463
415
396
477
442
464
428
425
412
436
452
488
419
480
460
421
437
459
482
462
476
530
470
475
504
462
437
512
465
444
496
521
479
524
524
473
484
523
479
493
518
538
543
512
575
532
527
588
531
556
548
487
503
516
525
590
561
527
527
570
589
532
538
569
525
585
600
553
571
560
547
577
606
574
588
580
566
537
564
601
582
603
598
604
613
599
620
611
610
623
628
605
610
606
636
636
641
610
614
622
645
618
666
673
636
658
639
658
660
674
648
677
626
611
726
647
701
651
680
590
665
693
657
0
1949
0
