$SPEC_ID:
C:\MEXRF\convert\HC_S4FP_XRF_R003_net.spe
$SPEC_REM:
Sample ID: No
$DATE_MEA: 
01-01-65 12:00
$MEAS_TIM: 
2000 2275.28
$ENER_FIT: 
-0.26257 0.07554
$KED DECLARED U235 ENRICHMENT: 
0.7
$KED DECLARED PU ATOMIC WEIGHT: 
239.63
$KED PATH LENGTH: 
1.414
$KED SAMPLE TEMPERATURE: 
28.2
$DATA: 
0 2047
0
0
0
0
0
0
0
0
0
0
0
0
0
0
0
0
32
200
337
390
1037
2609
3711
4475
4597
4516
4626
4598
4578
4550
4408
4336
4407
4303
4215
4294
4185
4119
4233
4058
3983
4053
3982
3952
3979
3805
3798
3805
3714
3742
3629
3606
3668
3685
3552
3550
3552
3500
3449
3439
3447
3390
3403
3282
3385
3310
3246
3282
3169
3286
3194
3174
3290
3225
3219
3142
3059
3044
3129
2961
3068
2999
3028
3015
2957
2962
2933
3057
2924
2867
2964
2892
2947
2944
2853
2857
2873
2740
2905
2940
2917
2972
3036
3268
3968
4964
5839
5648
4743
3958
3368
3084
3027
2996
3019
2980
3177
3478
3580
3454
3264
2994
2889
2968
2894
2944
3022
2982
3104
2969
3129
3060
3005
3039
3105
3056
2944
3036
3084
3046
3065
3181
3273
3262
3255
3554
3854
4055
4061
4118
3730
3765
3553
3513
3459
3625
3658
3962
4560
5690
6913
7511
8010
7325
6242
4992
4178
3732
3705
3633
3662
3626
3728
3711
3712
3741
3792
3778
3804
3762
3867
3870
4172
4089
4274
4240
4170
3975
4037
4119
4217
4139
4073
4121
4035
4224
4623
4927
5390
5801
5459
5066
4626
4436
4474
4462
4449
4472
4462
4363
4425
4261
4204
4416
4333
4464
4400
4466
4428
4257
4567
4426
4565
4498
4439
4399
4426
4475
4560
4564
4566
4585
4660
4744
4589
4648
4524
4775
4704
4587
4574
4645
4608
4753
4817
4739
4603
4729
4599
4756
4723
4772
4874
4943
4813
4757
4782
4727
4913
4852
4978
4880
4880
4854
4946
4960
5061
5015
5117
5240
5326
5203
5451
5405
5317
5432
5492
5637
5364
5643
5642
5616
5856
5958
6198
6401
7063
8856
13055
20691
30771
41063
48346
48522
41022
28733
17061
10203
6680
5426
5149
4986
4971
4968
4949
5119
4958
5051
5116
4934
5035
5076
4965
5017
5081
4987
5034
5026
5056
5129
5270
5153
5255
5423
5491
6304
8082
11617
16789
21515
22679
19910
14996
10475
8054
7727
8049
7711
7148
5904
4984
4472
4244
3943
4034
3946
3942
3810
3858
3648
3730
3574
3565
3630
3525
3566
3490
3298
3395
3274
3220
3229
3244
3161
3017
3054
2873
2928
3016
2792
2759
2748
2677
2656
2563
2570
2543
2651
2546
2417
2499
2388
2440
2470
2356
2373
2341
2311
2212
2182
2195
2273
2269
2165
2184
2148
2073
2176
2071
2081
2050
2048
2138
2052
1925
2011
2026
2020
1988
1890
2011
1957
1947
1945
1889
1895
1906
1915
1824
1820
1890
1714
1904
1794
1753
1845
1798
1784
1730
1771
1726
1690
1656
1710
1653
1670
1690
1570
1704
1556
1612
1547
1568
1561
1480
1482
1438
1408
1349
1397
1363
1355
1359
1333
1228
1251
1205
1277
1290
1167
1219
1239
1193
1102
1128
1135
1114
1120
1026
996
1025
1036
1026
1054
1000
971
985
948
888
935
934
897
906
876
815
911
844
864
910
807
860
832
849
917
856
911
858
843
787
799
791
664
707
762
702
721
689
706
658
703
675
650
677
657
633
699
691
691
706
674
699
650
716
653
639
634
597
625
640
620
611
679
658
641
667
590
677
590
622
614
599
561
567
583
576
595
537
500
589
552
561
570
601
604
607
634
685
699
758
871
877
912
785
731
673
728
798
868
1004
1072
1028
917
813
739
706
616
635
613
642
575
613
573
586
587
528
556
585
590
594
635
617
575
637
600
618
634
648
616
664
627
667
679
655
640
642
628
663
684
712
613
672
621
712
695
699
748
733
763
772
717
748
755
825
776
822
909
858
929
909
947
1073
1039
1054
1184
1194
1232
1354
1337
1396
1567
1686
1689
1835
1991
2057
1945
2047
1975
2007
1816
1887
1837
1755
1828
1771
1724
1714
1698
1650
1668
1759
1659
1701
1638
1743
1625
1572
1559
1713
1696
1659
1751
1761
1742
1832
1892
1855
1935
1815
2062
2007
2112
2100
2148
2146
2266
2368
2451
2322
2441
2529
2478
2693
2688
2644
2814
2863
2979
3094
3091
3238
3234
3483
3617
3781
3836
3995
4150
4516
4685
4977
5085
5084
5510
5524
5815
5831
6098
6097
6143
6168
6213
6226
6200
6283
6326
6226
6301
6278
6401
6428
6217
6351
6173
6246
6152
6161
6086
6098
6093
5931
5946
5903
5921
5954
5859
5971
5978
5982
6021
5981
5845
6054
5986
5996
6051
6152
6248
6176
6353
6368
6626
7162
7535
8629
10207
11806
12676
13037
12285
10814
9424
8423
7870
7668
7749
7784
7835
8020
8539
9294
10894
13466
15984
18621
20606
20998
19559
17393
14761
12548
11203
10465
10014
9701
9701
9883
10113
9838
10364
10560
10720
10710
11124
10969
11389
11469
11744
11672
11998
12138
12265
12465
12586
12781
12875
13208
13404
13576
13687
13972
14291
14532
14660
14584
15060
15270
15510
15801
16053
15990
16363
16404
16763
17144
17390
17620
17817
18189
18394
18616
18891
19312
19117
19433
20035
20043
20367
20565
20855
21089
21081
21421
21388
22098
21889
22492
22556
22785
23204
23465
23570
24073
24113
24451
24605
24672
25085
25438
25849
25943
25976
26479
26874
27117
27479
27351
27857
27877
28373
28884
29237
29768
30545
31212
32398
33034
34214
35002
36006
36182
35537
35192
34496
34284
33907
33940
33782
34166
34181
34739
34990
35220
35612
35764
36007
36591
36779
37136
37900
38127
38973
39643
40244
40491
40916
40988
40905
41376
41172
41410
41426
41677
41631
42279
42366
42810
43141
43583
43331
43857
44606
45147
45233
45106
45880
46165
46712
46884
47560
47947
48096
48630
48690
48907
49315
49598
50464
50648
50574
51436
51354
51598
52016
52491
52451
53132
53450
53041
53853
54326
54756
54930
55529
55601
55712
56113
56332
56194
56721
57107
56759
57576
58050
58452
58551
58700
59151
59421
59707
59539
60232
60362
60407
61100
60848
61181
61622
61770
62242
62588
63383
62855
63906
64536
64451
64121
64178
64694
64248
64516
64670
64943
65045
65324
65592
65766
66488
66568
66542
66520
67203
67223
67297
67990
67669
68093
68568
68157
68989
69343
69536
69496
69978
70131
70078
70469
71218
70886
71103
71291
71385
72151
71768
72124
72244
72946
72748
72658
72878
72932
72842
73503
73133
74432
73507
74184
73698
74267
74259
74123
74175
73957
73881
74162
74017
74048
73907
74478
74544
74409
74235
74012
74818
73850
73582
73656
73455
73367
73025
73310
72796
72927
72223
72055
71826
71543
70869
70909
71366
70552
70485
70473
70009
70042
69322
69460
68948
68665
68709
68873
68560
68382
67976
67732
67447
67756
67853
67789
67586
67483
67368
67061
67569
67589
67342
67043
67260
66953
67329
66841
66526
66761
66839
66410
66300
66371
66407
66515
66265
66947
66847
67425
66609
66518
66836
65498
65920
65848
65835
65170
65210
65010
64432
64696
64587
63969
64463
64443
64454
63801
63673
63633
63982
63795
63906
63724
62906
62881
62912
62921
62573
62748
62654
62534
62600
62446
62500
63355
63635
65376
68720
72882
76582
78908
80114
78500
74404
70059
66197
63456
61735
61045
60311
59728
59491
58691
57893
58149
57757
57314
57011
57243
57007
56593
56215
56141
56066
54935
55547
55344
54811
54747
54129
54378
53971
53724
53536
53143
53200
52264
51959
51871
51719
50968
50893
50789
50340
49950
49937
49401
49257
49119
49049
48038
48133
47794
47580
47489
46772
46717
46623
46638
45995
45753
45567
45413
44992
44819
44750
44894
44271
44185
44440
44297
44568
44887
45759
46119
46785
48740
50506
52726
56591
63703
75814
99570
140837
207378
303216
421377
542299
638829
683220
658357
575446
455802
332776
227187
149346
99027
69027
52503
43316
37377
34436
31888
29966
28756
27602
26529
25598
25083
24595
23626
23457
22465
22455
22101
22107
21717
21853
21994
21890
22366
22680
23027
23796
24802
25980
27891
30820
34670
41517
53461
75011
114078
182467
290921
446526
637010
835079
993563
1072505
1042746
916482
726381
526169
353176
221242
135163
83853
55156
39745
31834
27730
25314
23676
21844
19967
17855
15489
13415
11797
10647
9652
9079
8519
8133
7726
7467
7286
7080
6840
6658
6537
6356
6134
6159
5991
5949
5922
5527
5505
5296
5195
5105
5045
5067
4941
4931
4885
4796
4752
4456
4431
4412
4329
4218
4246
4172
4178
4195
4318
4311
4470
4907
5651
6494
7895
9763
11868
13196
14261
14248
13069
11527
9397
7528
6200
5169
4395
4190
3890
3822
3626
3680
3548
3509
3460
3488
3446
3391
3442
3487
3334
3421
3436
3391
3316
3419
3343
3371
3415
3585
3526
3500
3673
3689
3783
3735
3808
3709
3479
3443
3357
3387
3285
3308
3346
3381
3299
3272
3369
3441
3384
3444
3548
3487
3492
3557
3610
3561
3623
3592
3758
3758
3741
3895
3953
4071
4116
4261
4420
4550
4821
4972
5213
5417
5856
6409
7333
8624
11080
14737
21429
31620
46578
66432
88819
109947
125722
132066
126745
112932
96265
82519
78293
86234
109135
144282
183482
221111
242150
244177
223699
188018
144562
103900
71361
48127
33958
25210
20092
16431
13448
10936
8730
7248
5942
5001
4378
3966
3691
3655
3546
3487
3506
3412
3356
3538
3709
3992
4335
4757
5650
7086
9801
13716
20029
28463
40030
53381
66903
79032
86927
90009
85698
76090
63608
50775
38819
30164
25403
24177
25291
27342
28820
29260
27853
24096
19884
15024
10874
7661
5331
4075
3325
2787
2566
2377
2120
1920
1793
1576
1507
1583
1799
1938
2203
2503
2674
2755
2661
2470
2171
1724
1553
1356
1154
1053
930
1035
900
856
867
848
813
812
844
754
749
790
819
791
841
818
773
863
832
864
804
791
788
803
810
774
859
803
948
1028
1014
1159
1215
1391
1445
1424
1470
1402
1298
1178
1070
995
933
799
897
844
883
890
884
930
837
820
764
772
726
736
629
689
649
684
685
700
721
813
976
1081
1237
1364
1311
1375
1267
1118
956
866
794
756
656
732
639
705
671
645
641
633
653
644
633
623
625
627
574
614
625
602
621
619
621
603
606
566
607
602
569
590
589
637
622
563
552
592
558
597
580
570
575
573
583
580
542
602
541
597
577
553
596
559
512
589
587
553
562
580
534
557
532
519
584
565
516
579
544
511
502
521
542
556
529
575
506
525
498
549
575
552
515
574
578
519
540
516
536
495
525
551
518
535
545
563
543
494
491
509
567
538
499
449
524
531
524
524
517
500
465
474
489
468
450
510
527
491
533
530
521
468
535
479
513
532
553
508
544
501
576
509
524
515
505
474
509
506
496
486
480
528
495
496
480
526
515
456
510
460
472
472
507
501
456
474
493
463
485
486
498
499
485
486
496
468
477
467
478
466
442
528
483
462
480
469
483
465
461
453
471
443
488
430
464
480
455
435
457
460
440
453
496
451
471
477
468
456
480
479
434
470
451
451
456
480
446
461
490
431
428
476
455
442
462
494
437
461
473
492
502
478
470
422
403
454
441
472
430
438
469
468
480
395
467
504
449
437
438
495
489
460
484
409
453
439
472
487
436
487
445
472
476
453
455
481
475
478
461
447
466
455
437
488
444
456
472
479
456
490
447
486
463
451
399
489
471
484
434
445
482
464
526
412
443
432
433
450
469
431
453
441
447
425
462
469
470
496
466
496
464
442
467
478
428
447
468
476
494
490
499
489
526
522
410
462
454
479
521
440
454
496
444
472
487
487
440
440
503
475
498
498
517
487
493
436
503
459
472
478
474
522
551
546
549
445
516
503
502
476
538
551
489
523
481
495
503
507
568
492
475
494
516
473
479
472
512
561
530
552
503
522
518
545
521
539
550
515
513
544
507
530
574
600
537
587
586
582
543
591
577
622
585
545
548
561
555
565
586
550
655
594
598
590
578
585
569
609
626
584
601
551
0
252
0
