$SPEC_ID:
C:\MEXRF\convert\HC_S4_XRF_R002_net.spe
$SPEC_REM:
Sample ID: No
$DATE_MEA: 
01-01-65 12:00
$MEAS_TIM: 
2000 2268.39
$ENER_FIT: 
-0.26255 0.07553
$KED DECLARED U235 ENRICHMENT: 
0.7
$KED DECLARED PU ATOMIC WEIGHT: 
239.63
$KED PATH LENGTH: 
1.414
$KED SAMPLE TEMPERATURE: 
28.2
$DATA: 
0 2047
0
0
0
0
0
0
0
0
0
0
0
0
0
0
0
-1
-8
-30
-15
293
1515
3219
3834
3972
3962
4178
4187
4160
4013
3951
3912
4078
3909
3910
3811
3868
3871
3755
3662
3636
3637
3606
3552
3507
3408
3499
3416
3304
3183
3213
3157
3197
3194
3231
3239
3140
2984
3072
3016
3082
3049
2976
2947
2913
2915
2878
2805
2893
2888
2802
2832
2706
2727
2732
2696
2716
2740
2770
2671
2672
2629
2722
2639
2648
2565
2650
2664
2545
2559
2560
2529
2535
2558
2467
2510
2485
2535
2492
2557
2482
2471
2607
2450
2517
2453
2368
2350
2507
2470
2679
2494
2601
2533
2531
2520
2473
2399
2462
2545
2455
2548
2531
2536
2533
2658
2520
2608
2667
2644
2715
2599
2685
2690
2598
2612
2587
2711
2632
2627
2716
2709
2605
2698
2727
2731
2693
2843
2808
2830
3000
2934
2981
3049
3046
3053
3064
3091
3093
3101
3071
3044
3061
3054
3094
3289
3221
3221
3249
3163
3330
3262
3302
3333
3298
3411
3516
3483
3362
3336
3537
3509
3411
3563
3624
3534
3603
3590
3618
3774
3687
3706
3620
3645
3733
3640
3593
3773
3753
3672
3777
3819
3871
3813
3838
3829
3800
3746
3862
3789
3953
3994
4011
3942
3963
3995
4015
3994
3970
4062
4137
4097
4150
4143
4092
4245
4260
4116
4160
4104
4109
4225
4086
4190
4348
4149
4257
4388
4180
4354
4258
4222
4262
4338
4352
4280
4413
4223
4216
4425
4289
4407
4381
4475
4273
4363
4308
4414
4387
4486
4319
4317
4344
4560
4390
4471
4420
4279
4523
4321
4321
4378
4306
4446
4430
4372
4360
4306
4511
4317
4387
4504
4492
4431
4349
4472
4415
4423
4368
4259
4189
4088
3606
3691
4142
4736
5312
5093
4861
4626
4543
4617
4491
4393
4445
4447
4384
4384
4414
4364
4422
4302
4391
4440
4268
4327
4517
4246
4360
4254
4218
4281
4245
4355
4203
4098
4117
4059
4097
3887
3620
3931
4265
4309
4365
4110
3943
3866
3867
3788
3965
3702
3612
3698
3700
3568
3655
3584
3574
3385
3470
3359
3455
3225
3321
3235
3194
3144
3101
3228
2863
2846
2855
2825
2771
2801
2710
2546
2584
2596
2460
2416
2499
2405
2369
2258
2327
2236
2267
2233
2175
2181
2160
2114
2096
2114
1959
2001
2028
2028
2089
1951
1888
1849
1883
1904
1803
1831
1766
1823
1885
1807
1763
1760
1751
1760
1729
1711
1710
1758
1718
1698
1725
1639
1610
1670
1604
1582
1590
1539
1566
1628
1552
1562
1510
1538
1503
1513
1474
1421
1448
1429
1449
1377
1398
1386
1312
1387
1349
1297
1389
1293
1325
1289
1292
1303
1152
1145
1136
1193
1123
1116
1056
1063
1012
1044
1067
988
988
962
961
868
933
949
856
877
840
861
809
847
784
756
741
739
732
731
685
733
652
714
639
630
688
644
617
583
642
593
601
594
565
562
600
568
543
542
520
491
507
493
496
486
475
503
446
446
419
428
462
451
425
488
494
419
431
404
442
439
422
448
434
391
421
400
406
390
402
407
396
344
373
384
403
348
371
363
370
355
359
342
360
366
332
340
345
359
344
384
351
344
323
313
319
330
375
347
351
342
338
329
325
334
341
344
367
311
306
304
351
316
342
344
326
317
346
339
339
315
364
320
356
332
382
358
391
367
359
356
322
328
373
331
377
362
371
374
434
393
365
370
367
402
400
388
353
457
430
455
398
431
448
440
416
480
470
419
484
434
503
504
540
543
531
549
590
605
638
653
711
771
722
825
831
896
921
986
1046
1130
1113
1177
1286
1313
1312
1422
1426
1510
1523
1539
1547
1618
1596
1623
1561
1632
1626
1557
1503
1507
1391
1416
1360
1362
1352
1364
1379
1405
1455
1383
1378
1488
1441
1463
1527
1548
1577
1605
1602
1651
1676
1790
1843
1808
1920
1900
1947
1989
1986
2155
2171
2154
2258
2329
2383
2346
2489
2628
2595
2637
2718
2855
2974
3015
3182
3310
3394
3571
3782
4005
4073
4309
4485
4679
4971
5013
5438
5524
5599
5850
5998
6105
6098
6150
6117
6222
6176
6136
6217
6239
6226
6130
6276
6265
6190
6135
6039
6008
5957
5900
5894
5882
5857
5862
5761
5845
5777
5782
5761
5942
5788
5694
5807
5855
5871
5821
5853
5967
5984
5995
6077
5977
6155
6240
6550
7000
7453
8542
10041
11271
12382
12708
11908
10715
9672
8399
7696
7545
7508
7532
7753
7852
8373
9072
10484
12428
15442
17864
19134
19436
17578
15310
12866
11156
10230
9630
9582
9618
9831
10002
10121
10013
10317
10565
10505
10697
10890
11031
11314
11293
11681
11844
12000
12092
12305
12316
12657
12865
13166
13457
13302
13607
13571
14003
14300
14365
14686
14705
14966
15207
15638
15885
15957
16112
16470
16700
16955
17398
17457
17626
17887
17950
18556
18916
18998
18991
19354
19459
19895
19879
20385
20694
20808
21153
21026
21515
21679
21936
21996
22194
22686
22768
23032
23348
23684
23987
24413
24665
24965
24619
25510
25573
25580
25961
26333
26583
26930
27196
27577
27515
28188
28593
28615
29096
29148
30029
30609
31582
32031
33122
34134
35320
35591
35821
35661
35411
34744
34390
33911
34041
33830
34271
34375
34826
35265
35644
35813
36332
36515
36801
36956
37469
38198
38388
39259
39836
40582
40998
41391
41534
41388
41385
41759
41319
41632
41824
42079
42276
42612
42667
42986
43412
43777
44174
45025
45010
45734
45818
45838
46143
46494
47330
47863
47970
48128
48706
48861
49379
49786
50219
50510
51028
50722
51156
52058
52004
52597
52547
53047
53431
53022
53463
54166
54941
54543
55016
55552
56136
56472
56466
56685
56533
57148
56975
57595
58217
58493
58435
58363
58811
59178
59107
59585
59904
60092
60537
60926
61130
60832
61820
62231
62137
62631
63074
62792
63745
63879
63960
64234
64221
64347
64518
64787
65190
65552
65192
66018
65752
66300
66033
66229
66477
67388
67276
67517
67521
67564
68037
68071
68209
68538
68654
68767
69428
69201
70044
69899
70784
70009
70711
70907
71083
71222
71473
71724
72193
71839
71837
72963
72425
72681
73147
72756
73248
73463
73441
73501
73628
73936
74207
74116
73950
74354
73961
74501
74367
74312
74435
74269
74949
74831
74120
74003
74438
74294
74016
74017
74425
74052
73937
73716
73492
73162
73358
73124
72746
71957
72432
71880
71679
71569
71538
70934
70844
70242
70256
69589
69825
69894
69722
69021
68989
68246
68841
68502
68029
68123
68380
67768
67641
67459
67184
67822
67758
67571
67295
67067
66896
67206
67400
67100
67367
66799
66885
67158
67127
66599
66192
66465
66603
66965
66882
66957
66658
66872
66546
66424
66999
66683
65973
65831
65632
65810
65410
64976
65025
65052
64797
64244
64371
64508
64602
64109
64269
63710
63552
63638
63865
63330
62933
63263
62626
62632
63095
62936
62213
63116
62350
62172
61998
61883
61613
61264
61103
60385
59736
59999
59914
60652
60949
61469
60934
61114
60576
60760
60210
60199
59720
58940
58527
58044
58311
57324
56929
57062
57029
56675
56207
56001
55471
55589
55562
55033
55037
54519
54498
53921
53665
53484
53405
53414
52737
52147
52294
51892
51891
51660
50850
50893
50533
50471
49878
49806
49684
48857
48878
48561
48065
47654
47763
47177
46964
46971
46465
46150
46173
45386
45558
45417
44916
44956
44492
44656
44165
43855
44076
44044
44014
44036
43910
45009
45273
46172
47898
49250
51311
54482
60357
71101
91856
128603
188459
277298
390718
513155
615925
666854
655809
581466
466499
343167
233788
154242
101630
70284
52639
42935
37391
33847
31698
29827
28467
27103
26202
25097
24222
23579
23309
22644
22467
21860
21706
21397
21048
21000
20836
21130
21396
21847
22162
22926
23854
25216
26793
29221
33219
38759
49331
67883
102035
162372
259733
403486
587796
784586
953261
1045699
1035926
924883
744804
544437
366159
230499
140445
86102
56470
40120
31735
27367
25110
23289
21558
19321
17417
15193
13346
11609
10380
9195
8619
8250
7793
7481
7174
6882
6733
6272
6218
5807
5880
5487
5487
5276
5337
5266
5272
5107
5001
4957
4725
4679
4521
4599
4557
4399
4241
4193
4255
4041
4037
3958
3872
3906
3956
3902
3840
3893
3950
4163
4410
4927
5842
7362
9192
10924
12750
13756
14045
12966
11204
9413
7471
5977
5025
4262
3758
3624
3471
3374
3429
3123
3274
3186
3185
3107
3093
3089
3130
3180
3024
3080
3199
2989
3063
3178
2938
2980
3092
3070
3105
3126
3239
3318
3332
3299
3301
3201
3065
3093
3045
3121
2963
3094
3078
2964
3030
3130
3044
3127
3206
3055
3147
3112
3205
3266
3283
3363
3358
3377
3456
3561
3575
3670
3708
3883
3885
3957
4164
4275
4578
4831
5091
5570
6004
6781
8145
9864
13225
18999
28070
42105
60352
82881
103667
120270
128602
126122
113394
96572
81803
74803
80003
99748
132523
171293
209950
234679
240508
224800
191329
148713
107823
74029
49605
34316
25455
19749
16103
13184
10797
8658
7111
5700
4640
4043
3663
3413
3304
3284
3111
3182
3160
3196
3261
3301
3575
3736
4302
4954
6381
8532
12235
17621
25753
36442
48976
62069
74278
83275
87638
85061
76443
64820
51288
39533
30451
25081
23035
23961
25866
28461
28430
27133
24382
19962
15498
11149
7753
5505
4024
3021
2633
2338
2124
1871
1779
1506
1404
1332
1334
1468
1653
1865
2131
2345
2483
2447
2230
1955
1580
1294
1101
918
778
762
702
695
690
655
655
595
608
609
595
569
519
552
541
493
518
566
574
560
559
532
531
515
588
571
613
557
635
633
700
745
859
952
1024
1123
1173
1177
1190
1022
954
852
737
692
640
632
655
628
602
700
661
668
615
560
544
504
474
472
448
422
399
451
445
457
401
432
380
396
416
466
398
420
426
449
434
448
423
466
439
433
400
419
434
427
417
435
411
371
432
391
415
401
394
382
422
374
396
397
379
372
400
368
368
398
363
348
399
402
361
398
346
377
363
331
348
338
379
393
349
329
391
368
346
344
365
366
350
338
362
376
332
353
357
364
368
343
334
321
340
347
341
326
357
351
350
332
331
332
291
357
318
328
328
355
350
361
324
317
297
314
303
349
303
360
317
321
346
303
305
321
314
325
333
298
322
283
322
306
322
318
315
351
286
309
286
316
317
283
310
324
309
293
319
342
304
288
321
322
301
288
302
308
284
309
289
278
329
306
302
299
261
264
310
270
260
299
295
299
263
263
260
289
234
284
306
243
271
332
263
281
256
310
262
283
267
286
290
312
299
272
303
302
286
277
295
260
288
271
250
265
274
276
256
238
285
266
245
256
288
253
251
283
284
276
262
245
292
300
268
284
257
245
282
262
285
260
263
273
269
267
256
253
263
267
308
235
275
260
286
280
264
230
243
286
264
262
286
261
279
250
290
227
272
240
274
246
269
244
272
249
267
271
259
275
260
254
294
235
240
267
296
278
261
260
262
252
289
260
259
273
270
231
275
269
259
280
275
270
279
286
264
240
270
281
295
279
243
271
288
254
280
271
309
281
256
284
287
283
294
242
298
279
293
290
263
259
256
279
258
284
295
277
272
271
271
291
266
290
285
261
299
291
274
272
307
287
267
286
313
293
298
312
310
286
323
290
289
334
302
321
288
306
259
294
319
297
327
313
307
315
306
322
322
281
301
298
308
296
325
320
320
338
278
322
319
317
336
315
323
344
344
323
306
361
325
314
343
344
305
337
334
327
376
328
356
344
359
355
328
358
361
334
385
398
368
394
377
403
405
388
387
375
380
370
364
437
375
369
418
417
427
415
411
435
433
395
431
419
408
448
438
433
453
481
435
0
701
0
