$SPEC_ID:
C:\MEXRF\convert\HC_S4_XRF_R001_net.spe
$SPEC_REM:
Sample ID: No
$DATE_MEA: 
01-01-65 12:00
$MEAS_TIM: 
2000 2268.35
$ENER_FIT: 
-0.26747 0.07553
$KED DECLARED U235 ENRICHMENT: 
0.7
$KED DECLARED PU ATOMIC WEIGHT: 
239.63
$KED PATH LENGTH: 
1.414
$KED SAMPLE TEMPERATURE: 
28.2
$DATA: 
0 2047
0
0
0
0
1
0
0
0
0
0
0
0
0
0
0
-2
-17
-36
-22
276
1533
3138
3838
4166
4199
4151
4061
4156
4069
4117
4054
3922
3796
3853
3895
3803
3809
3714
3682
3596
3608
3551
3544
3428
3365
3455
3487
3280
3277
3335
3246
3283
3199
3250
3077
3125
3115
3072
3052
2987
3015
2940
2990
2869
3028
2941
2856
2840
2810
2780
2720
2812
2710
2756
2733
2635
2774
2694
2599
2664
2604
2586
2548
2556
2614
2580
2631
2647
2483
2572
2469
2557
2490
2667
2511
2577
2460
2413
2439
2452
2545
2510
2471
2377
2394
2372
2396
2463
2574
2560
2532
2610
2525
2612
2506
2535
2522
2478
2452
2501
2498
2524
2593
2558
2468
2545
2637
2638
2720
2620
2725
2718
2670
2696
2609
2666
2600
2620
2603
2644
2652
2746
2829
2740
2657
2694
2793
2691
2885
2971
2903
2913
2987
3070
3025
3126
3015
3130
3130
3001
3150
2974
3109
3270
3165
3276
3324
3232
3289
3307
3302
3334
3363
3459
3386
3381
3363
3358
3509
3400
3568
3555
3511
3492
3504
3550
3467
3656
3638
3617
3659
3730
3641
3723
3602
3751
3780
3724
3717
3664
3828
3976
3887
3777
3820
3808
3946
3978
3875
4004
3942
4014
3992
4107
3979
3999
4096
4018
4093
4090
4025
4150
4086
4036
4072
4107
4176
4136
4170
4202
4265
4157
4137
4137
4263
4272
4133
4268
4365
4213
4286
4308
4301
4287
4309
4307
4246
4359
4250
4350
4346
4460
4303
4265
4455
4454
4439
4366
4339
4367
4383
4322
4392
4388
4361
4339
4339
4366
4349
4391
4448
4459
4397
4471
4372
4389
4277
4474
4502
4409
4441
4405
4466
4286
4418
4293
4444
4279
4071
4191
3671
3308
3820
3967
4674
5132
5175
5115
4692
4532
4481
4370
4463
4462
4387
4512
4368
4451
4378
4386
4408
4308
4281
4289
4343
4334
4243
4345
4287
4277
4293
4297
4243
4203
4244
4213
3953
3921
3639
3629
3780
4102
4315
4482
4127
3918
3834
3862
3725
3834
3838
3695
3690
3637
3603
3610
3602
3463
3520
3411
3443
3346
3381
3261
3217
3273
3199
3211
3079
2918
2929
2945
2773
2803
2847
2856
2656
2622
2553
2574
2408
2511
2408
2386
2242
2357
2257
2233
2159
2259
2136
2179
2100
2048
2111
2049
2090
1962
2003
2038
1965
1951
1984
1882
1860
1908
1861
1829
1804
1854
1796
1826
1788
1776
1739
1760
1716
1771
1679
1719
1697
1760
1686
1651
1708
1559
1641
1601
1662
1599
1550
1515
1521
1523
1584
1598
1514
1524
1438
1439
1471
1464
1441
1436
1483
1368
1344
1433
1320
1326
1256
1321
1293
1216
1227
1249
1222
1184
1129
1095
1057
1140
1067
1041
1019
987
1027
940
943
921
908
906
924
882
909
884
807
811
792
833
772
753
808
747
775
702
679
723
680
634
641
669
638
623
591
568
575
575
573
613
555
554
558
532
560
500
527
547
494
461
495
421
504
501
452
509
437
449
461
484
441
435
404
442
361
380
428
428
416
425
385
386
413
402
341
369
359
372
370
394
373
351
353
380
362
354
354
342
328
343
350
397
398
384
339
324
342
349
329
324
347
351
339
342
346
368
323
332
334
341
319
350
351
363
347
326
370
294
348
338
304
304
359
352
304
373
340
331
366
363
363
345
316
375
349
346
339
367
385
376
348
403
376
397
401
364
355
380
393
382
408
393
396
403
406
390
432
427
426
453
443
447
453
484
480
498
529
498
538
559
550
569
557
593
615
644
661
713
755
735
808
803
912
957
955
1092
1105
1121
1207
1305
1270
1375
1350
1460
1521
1493
1603
1578
1614
1571
1580
1575
1677
1502
1589
1565
1508
1453
1462
1511
1428
1354
1376
1315
1364
1343
1411
1473
1409
1435
1488
1498
1514
1581
1622
1650
1698
1750
1699
1815
1834
1927
1880
1844
1983
2138
2117
2163
2125
2276
2354
2354
2451
2444
2448
2647
2716
2774
2849
2919
3104
3100
3274
3366
3415
3728
3831
4073
4317
4445
4669
5012
5046
5311
5463
5719
5883
5924
6058
5994
6079
6180
6147
6175
6219
6137
6229
6103
6166
6084
6114
6237
6058
6017
6075
6013
6028
6027
5899
5742
5924
5804
5815
5769
5810
5809
5855
5920
5717
5946
5778
5788
5937
5856
6071
5967
5830
6017
5915
6154
6146
6599
6874
7415
8382
9633
11201
12551
12671
12145
10635
9624
8451
7858
7633
7313
7546
7693
7923
8447
8990
10369
12434
14752
17859
19074
19292
17832
15479
12785
11384
10267
9789
9624
9809
9697
9798
9937
10190
10214
10432
10658
10659
10901
11099
11352
11520
11624
11940
12036
11942
12284
12317
12672
12815
13025
13168
13282
13520
13819
13739
14148
14359
14618
14632
15145
15362
15475
15576
15965
16155
16522
16626
16900
17124
17330
17695
17829
18130
18297
18700
18904
18975
19555
19540
19868
19905
20100
20297
20854
21083
21283
21397
21716
22221
22189
22703
22550
22988
23127
23461
23562
24130
24308
24473
24640
24737
25191
25346
25748
26009
26460
26367
26826
27149
27429
27906
28151
28197
28683
28992
29443
30106
30279
31178
32369
32910
34304
35035
35525
36140
35575
35606
34561
34581
34206
34121
34057
34176
34611
34966
35039
34880
35492
36213
36346
37009
36974
37741
37896
38695
39251
39770
40366
40712
41124
41659
41592
41156
41565
41480
41469
41390
41865
42251
42523
42821
43186
43677
44102
44155
44753
45289
45476
46004
46122
46470
46860
47016
47156
48055
48086
48536
49097
49146
49683
50346
50393
50646
50848
51337
51673
52128
52127
52539
53118
53160
53579
53756
54178
54303
55080
55452
55608
55647
55891
55849
56686
56776
57017
57458
57013
57775
58047
58108
58664
58815
58695
59517
60273
59643
60123
60456
60853
61046
61075
61590
62234
62118
62532
62951
63381
63371
63525
64341
64538
64674
64272
64487
64747
64727
65344
65569
65804
65841
66407
66026
66912
66340
67171
67097
67352
67856
67876
68004
68612
69080
68864
68978
69219
69335
69276
69977
69962
70132
70473
70955
70963
71119
71402
71311
71870
72076
72009
71955
72733
72467
72365
72892
73225
73568
73493
73405
74035
74120
74016
73978
73769
74199
74001
74785
74569
74693
74649
74686
74965
74433
74735
74481
74671
74417
73992
74426
73928
74545
74291
73841
74200
73633
73459
72909
73059
72900
72234
72781
72356
71804
71245
71531
70838
70644
70157
70383
69684
69742
69584
69438
68967
69103
69020
68405
68845
68445
68495
67978
67791
67665
67255
67606
67453
67667
67328
67125
67046
67406
67703
67148
67181
67119
67129
66943
66676
66758
66466
66028
66531
66376
66457
66659
67191
66283
67145
67241
66593
66707
66864
66079
65796
65485
65510
64917
65017
64752
64525
64334
64375
64770
64657
64153
64203
63742
64012
63839
63786
63766
63305
63063
63256
63216
62934
62865
62295
62550
62345
61895
61777
61711
61818
61419
61427
60754
60308
59564
59260
59817
59730
60635
61052
61459
61494
60955
60801
60617
60311
59556
59801
58753
58399
58347
57254
57566
57570
56849
56616
56393
56375
55885
55882
54846
55428
54782
54653
54181
54310
53666
53600
53590
53061
52618
52390
51804
52067
51728
51208
51337
50612
50681
50196
49583
49685
49480
48993
48941
48331
47964
47947
47470
46861
47230
46878
46776
46316
45914
45747
45632
45438
44954
44947
44390
44716
44175
44198
43984
43706
44029
44179
44065
44367
45609
45837
47468
48970
50775
54507
59773
69695
88772
122446
179472
266072
376165
498820
604495
665100
659936
593649
481133
355936
247102
162279
106881
73380
54296
44084
37952
34388
31982
29679
28802
26917
26130
25360
24328
23795
23105
22942
22120
21917
21680
21089
21175
21124
20962
21528
21547
21635
22088
22750
23788
24894
26418
29172
32512
38054
47743
65137
96673
152103
245528
382127
560523
760013
936042
1041746
1042124
940786
769057
568692
386247
245503
149374
91458
58920
41424
32675
27728
24858
23415
21653
19818
17770
15491
13739
11850
10530
9442
8692
8354
7954
7499
7143
6828
6561
6271
6144
6047
5855
5613
5478
5511
5432
5182
5284
5167
5047
4927
4843
4668
4582
4507
4539
4435
4306
4268
4241
4125
4098
4043
4026
3891
3731
4033
3778
4000
3976
4044
4420
5099
5837
7045
8748
10706
12595
13700
13916
12962
11487
9555
7684
6278
4901
4254
3886
3715
3402
3384
3272
3321
3162
3134
3140
3115
3140
3001
3075
3005
3025
3053
3056
3002
3022
2969
3082
3068
3099
3125
3095
3198
3283
3285
3295
3213
3218
3116
3100
3103
3023
2999
3093
2990
2992
3044
3031
3076
3082
3079
3102
3214
3226
3291
3167
3164
3229
3260
3430
3378
3390
3623
3600
3663
3732
3725
3899
4001
4224
4319
4541
4727
5209
5370
5979
6664
7715
9582
12780
17791
26200
39607
57576
78886
101484
118642
128166
127039
114715
98765
83250
74805
78711
96586
127231
165862
204685
233076
240117
227182
196398
154702
113218
78001
52580
36227
26554
20566
16439
13712
11212
9078
7139
5579
4928
4232
3784
3479
3331
3121
3171
3047
3096
3157
3234
3315
3507
3762
4144
4871
5998
8017
11501
17006
24237
34679
47073
60434
73499
82380
87173
86195
78243
66849
53457
41137
31655
25058
23185
23635
25705
27735
28304
27512
24841
20394
16000
11952
8274
5748
4075
3166
2730
2312
2210
1986
1760
1563
1457
1309
1264
1319
1660
1798
2128
2387
2511
2550
2285
2013
1629
1348
1137
1010
805
811
694
716
665
636
633
653
587
596
561
565
547
577
584
565
572
547
572
541
565
541
579
528
561
554
496
534
560
668
693
746
834
973
1011
1115
1177
1187
1170
1119
992
848
744
667
647
613
642
633
692
708
683
678
635
560
557
515
471
475
449
415
426
435
402
418
430
431
404
453
421
418
443
393
458
424
435
419
450
427
418
474
468
421
444
432
395
390
418
398
448
410
386
364
437
376
383
417
413
391
406
375
397
375
385
383
365
387
351
392
361
384
398
351
363
391
364
352
372
354
356
339
351
386
343
390
358
362
355
340
339
343
387
341
359
375
305
338
364
360
317
322
348
341
333
335
344
333
315
344
331
364
329
340
303
350
304
342
316
297
303
340
327
345
302
321
303
327
318
287
313
306
302
297
289
284
317
323
282
324
328
298
295
310
317
303
305
299
293
313
309
277
319
315
291
282
339
310
301
313
300
328
314
307
331
292
292
341
291
316
317
278
307
303
283
314
304
275
303
298
292
270
290
286
286
299
309
267
258
302
292
312
263
285
285
270
284
302
275
268
261
249
292
278
285
289
263
298
269
295
272
286
285
259
305
266
238
259
287
255
302
281
254
275
290
241
278
260
258
267
252
260
262
279
259
263
276
261
241
238
274
283
265
262
273
313
276
252
278
267
270
248
261
264
276
267
264
255
256
230
272
271
237
284
252
286
263
299
280
283
255
282
308
300
268
259
232
261
253
303
270
260
274
251
251
278
248
263
289
292
258
229
262
257
275
280
285
267
265
298
273
268
262
253
255
276
277
272
268
276
282
265
278
278
276
270
245
227
290
286
275
287
255
285
307
312
266
260
235
268
312
270
281
290
276
306
266
262
280
299
307
304
276
295
289
290
273
299
278
311
268
310
288
305
307
300
313
343
288
315
288
305
294
295
315
310
283
284
295
276
309
293
330
288
322
317
322
315
303
316
305
335
319
314
285
277
310
342
315
308
313
324
310
335
337
328
348
327
328
327
340
346
343
301
316
341
359
344
375
365
406
375
368
356
373
368
382
362
392
420
364
392
380
339
389
362
404
335
429
394
394
370
410
436
379
402
441
383
414
427
409
474
412
440
429
466
389
0
1169
0
