$SPEC_ID:
C:\MEXRF\convert\HC_S4FP_XRF_R001_net.spe
$SPEC_REM:
Sample ID: No
$DATE_MEA: 
01-01-65 12:00
$MEAS_TIM: 
2000 2275.35
$ENER_FIT: 
-0.26646 0.07554
$KED DECLARED U235 ENRICHMENT: 
0.7
$KED DECLARED PU ATOMIC WEIGHT: 
239.63
$KED PATH LENGTH: 
1.414
$KED SAMPLE TEMPERATURE: 
28.2
$DATA: 
0 2047
0
0
0
0
0
0
0
0
0
0
0
0
0
0
-1
0
33
191
334
405
1044
2658
3778
4512
4601
4632
4654
4644
4513
4509
4533
4377
4388
4411
4262
4315
4152
4173
4269
4142
3973
4012
4025
3992
3921
3869
3748
3779
3772
3737
3855
3636
3622
3728
3595
3552
3499
3490
3459
3390
3394
3308
3339
3352
3302
3336
3308
3188
3241
3281
3204
3181
3212
3218
3101
3039
3081
3148
3142
2981
3007
3111
3023
3102
3053
3012
3069
2901
2969
2851
3021
2902
3010
2889
2786
2935
2886
2874
2853
2858
2892
2947
2975
3328
4044
4898
5773
5665
4764
3836
3350
3032
2936
2978
2944
2966
3277
3521
3570
3352
3204
3061
2921
2764
2950
2997
2955
2942
3092
3037
3002
3079
3073
3031
3120
3001
3038
3099
2984
2979
3088
3231
3166
3228
3404
3588
3935
4061
4140
4057
3811
3601
3551
3443
3457
3585
3591
4107
4643
5540
6620
7604
8055
7431
6210
5043
3965
3851
3740
3657
3682
3675
3648
3734
3823
3923
3822
3738
3680
3795
3972
3903
4070
3921
4328
4184
4077
4007
3976
4056
4041
4132
4165
4093
4185
4314
4461
5029
5494
5747
5378
5006
4660
4553
4525
4449
4670
4530
4504
4301
4396
4290
4316
4386
4371
4358
4318
4495
4473
4305
4433
4353
4532
4537
4472
4556
4569
4459
4656
4485
4526
4550
4644
4692
4617
4544
4659
4554
4697
4657
4718
4609
4633
4599
4603
4783
4638
4729
4696
4625
4655
4987
4787
4656
4829
4697
4739
4895
4732
4831
4980
4840
4865
4972
4971
5014
4943
5101
5223
5091
5187
5198
5405
5559
5326
5403
5538
5581
5455
5611
5807
5782
5853
5882
6255
6463
7217
9178
13070
20438
30409
41016
48617
48803
41202
28915
17389
10215
6669
5528
5124
5138
5041
4935
4942
4911
5034
4933
5051
4865
4976
4973
5125
5026
4944
5072
5067
5137
5186
5309
5224
5273
5250
5340
5482
6399
8220
11895
16713
21401
22648
20046
15110
10549
8145
7692
7920
7851
7140
6051
5224
4536
4145
3975
3857
3786
4009
3860
3787
3755
3787
3782
3721
3614
3556
3541
3512
3519
3285
3483
3329
3303
3294
3167
3022
3102
2947
2850
2886
2858
2747
2768
2731
2712
2681
2506
2491
2595
2509
2479
2436
2505
2344
2401
2424
2447
2351
2198
2251
2253
2244
2141
2265
2091
2199
2137
2080
2139
2088
2120
2080
2113
2106
2070
2062
2078
1987
2044
2025
1992
1983
1928
1910
1993
1953
1922
1843
1853
1857
1955
1833
1864
1875
1822
1739
1844
1783
1708
1685
1787
1710
1686
1683
1710
1650
1692
1596
1620
1627
1546
1486
1563
1533
1532
1431
1473
1430
1439
1441
1391
1362
1269
1375
1396
1284
1263
1265
1262
1265
1245
1198
1201
1174
1137
1136
1166
1099
1114
1093
1065
1030
971
1024
1060
950
970
922
893
933
909
896
843
898
872
870
849
874
887
862
797
860
823
801
844
862
876
882
824
790
757
772
736
706
760
703
727
679
682
711
705
684
683
607
674
690
643
694
681
656
671
693
665
683
584
637
669
588
617
645
606
643
626
637
605
624
599
652
590
639
611
613
591
583
607
584
550
554
558
512
564
606
588
585
603
607
604
669
733
840
934
929
876
798
734
716
740
765
881
1006
1042
979
966
805
732
724
631
596
608
561
557
594
526
570
585
590
590
560
578
625
583
612
610
624
586
567
620
646
599
649
626
698
611
615
658
648
677
699
703
662
602
640
646
716
680
727
736
726
744
776
701
758
774
809
816
763
908
901
937
919
951
1068
1125
1071
1132
1130
1256
1302
1372
1470
1554
1680
1708
1888
1894
2052
2013
2014
1910
1980
1826
1871
1731
1758
1814
1828
1742
1782
1718
1661
1659
1680
1692
1657
1689
1736
1677
1606
1650
1613
1682
1660
1796
1808
1712
1819
1842
1859
1886
1984
2059
1968
2093
1982
2147
2188
2261
2349
2456
2382
2480
2475
2511
2614
2687
2700
2798
2777
2930
3010
3101
3141
3238
3476
3673
3805
3912
4132
4313
4416
4623
4747
5105
5338
5511
5667
5851
5853
6014
6086
6111
6177
6287
6225
6295
6390
6305
6156
6379
6385
6352
6349
6289
6210
6111
6193
6157
5876
6063
6087
6015
5920
5975
5950
5974
5878
5931
6000
5831
6090
5915
5982
6040
5821
6094
5976
5954
6094
6215
6114
6237
6434
6624
7007
7603
8748
10238
11365
12667
13040
12243
10825
9579
8550
7946
7763
7564
7756
7778
7883
8645
9435
10707
13174
15937
18765
20654
21071
19703
17366
14668
12667
11396
10472
9619
9831
9882
9822
10107
10152
10285
10565
10578
10748
10871
11228
11236
11291
11819
11576
12051
11849
12307
12402
12627
12932
13131
13016
13258
13599
13715
13896
14079
14356
14697
14735
14972
15267
15380
15742
15830
16150
16501
16416
16995
16948
17412
17786
17823
18132
18382
18743
18845
19023
19511
19429
20002
20095
20273
20475
20605
20783
21147
21351
21803
21979
22200
22059
22783
22965
23426
23467
23932
23809
23707
24592
24556
25037
25204
25535
25591
25983
26034
26219
26880
27096
27122
27678
28190
27971
28443
28779
29672
29425
30323
30913
32613
33404
34070
34655
35417
35715
35525
34770
34591
34070
33888
33826
33820
34291
34520
34764
34947
34896
35358
36024
36059
36633
36892
37218
38053
38178
38839
39726
40037
40557
41080
41089
41392
41271
41456
41443
41489
41718
42348
42265
42296
42427
42611
43140
43855
43668
44261
44772
44970
45461
45560
46094
46884
47119
47195
47333
47899
48404
48485
49418
49375
49971
50308
50698
50775
51050
50866
51869
52149
52722
52669
53133
53266
53701
53373
54067
54492
55120
55307
55562
55823
55896
56166
56829
56421
57109
57285
57050
57558
58179
58532
58771
59120
58915
59420
59333
59797
60219
60071
60716
60856
61707
62001
62317
62185
62418
63112
63659
62976
63683
64492
64128
63972
64254
64403
64479
64556
65194
65362
65739
65489
66373
65876
66356
66462
66939
67349
68109
68262
68126
68106
68372
68355
69013
68547
69172
69600
69491
69836
69832
70454
70277
70558
71002
71199
71619
72087
71661
71957
72202
72206
72678
72748
72544
72989
73318
72905
73377
73420
73676
73943
73949
73581
73467
73731
74439
74221
74555
74019
74118
74441
75065
74457
74485
74630
74401
74633
73814
74042
73972
73853
73881
73476
73192
73241
72909
72785
72762
72292
72722
72298
71911
71499
71231
71183
70334
70078
70452
70331
69772
69462
69154
69172
68577
68460
68867
68385
68748
68341
68078
68253
67918
67285
67546
67795
67443
67648
67140
66943
67701
67133
67544
67605
67040
67188
66953
66522
66707
67016
66508
67011
66643
66328
66725
67120
66903
67062
66781
67121
66958
66569
66188
65591
66109
65672
65136
65178
64837
65215
64858
64976
64880
64751
64529
64228
63894
64273
64125
63756
64071
63921
63503
63497
62955
62647
62994
62790
62853
62437
62229
62349
62314
62571
62904
63941
65637
69135
72797
76360
79511
80105
78358
74742
70044
66250
63802
61586
60964
60406
60234
59642
58645
58689
57835
57941
57246
57029
57260
56599
56414
56403
55708
55881
55525
55201
54776
54835
54517
54278
54153
53975
53666
52993
52978
52644
52368
52089
51801
51607
50942
51216
50741
50535
49983
49908
49490
49086
48899
48726
48339
48216
47795
47696
47702
46818
46803
46516
46142
45901
45742
45882
44863
45190
44994
44843
44568
44391
44219
44315
43982
44141
44806
45329
45807
47120
48497
50132
52579
55444
62350
73918
96803
135570
198384
293047
408984
530932
631045
681362
664144
585092
468843
344152
236478
155433
102755
71777
53567
44249
38512
34450
32391
30090
28795
27646
26461
25506
24777
24308
23506
23102
22860
22388
21900
22109
21967
21628
21612
22019
22148
22357
22830
23768
24723
25843
27862
30442
34112
40951
51905
72417
108587
174404
277267
428613
615683
815895
982207
1068768
1050911
933272
749183
546511
369388
231936
142640
87188
57202
41000
33170
28315
25543
23983
21828
20058
17857
15674
13838
11772
10603
9763
9106
8768
8084
7764
7565
7294
7027
6803
6698
6434
6376
6267
6159
5974
5952
5821
5715
5490
5477
5219
5202
5016
5109
5001
4970
4924
4764
4656
4595
4595
4284
4306
4275
4233
4247
4093
4181
4222
4368
4495
4765
5379
6360
7917
9652
11654
13322
14235
14384
13322
11588
9699
7859
6202
5239
4495
4098
3904
3716
3652
3565
3507
3501
3477
3345
3557
3443
3458
3440
3427
3466
3390
3400
3414
3358
3321
3367
3456
3436
3402
3573
3635
3790
3848
3885
3752
3656
3642
3631
3435
3410
3273
3349
3304
3223
3314
3289
3402
3311
3352
3472
3391
3482
3493
3516
3518
3567
3511
3502
3817
3761
3808
3704
3876
4020
4169
4295
4465
4507
4712
4910
5203
5476
5932
6445
7267
8568
10490
14242
20322
30565
44478
63948
86308
108305
124309
132043
127129
115600
97970
82951
77608
84649
106161
139775
180042
216972
241491
246395
227962
192227
150068
108262
74900
50872
35320
25956
20354
16662
13643
11226
9149
7338
5968
5052
4396
4059
3819
3659
3532
3521
3391
3444
3523
3578
3622
3852
4177
4628
5406
6937
9327
12928
19171
27704
38665
51484
65564
76906
86443
89489
86518
77536
65590
52145
40422
30919
25918
24131
24947
27177
28938
29422
27849
24624
20239
15707
11410
8073
5622
4223
3338
2732
2586
2467
2173
1977
1633
1627
1544
1643
1694
1867
2205
2463
2740
2708
2722
2550
2253
1823
1572
1336
1219
1094
1009
982
879
927
860
852
851
818
851
820
753
771
842
842
820
859
812
840
805
788
740
769
791
747
784
810
828
867
960
983
1043
1135
1211
1328
1431
1458
1385
1398
1293
1219
1084
994
959
813
882
853
852
946
913
931
856
912
788
791
755
732
684
680
650
699
669
747
748
839
967
1066
1205
1337
1379
1455
1203
1179
1039
872
794
755
717
634
678
652
696
633
636
674
658
628
668
614
613
653
621
655
638
596
613
629
604
626
622
592
637
583
541
587
642
564
580
571
579
594
583
620
559
648
579
597
594
590
565
610
495
625
555
551
584
562
584
557
583
543
585
583
549
537
543
529
518
550
535
558
516
501
528
539
537
526
520
533
558
561
527
545
575
508
493
555
557
499
547
497
537
523
502
546
505
571
550
531
513
518
479
544
544
535
473
494
557
508
528
526
509
508
531
497
464
489
506
524
530
542
533
499
504
491
530
464
542
534
492
499
571
486
527
472
551
518
498
509
504
532
524
502
485
495
489
490
466
502
484
518
488
453
489
481
514
509
470
466
475
478
546
479
509
461
471
527
476
476
438
448
447
443
478
509
497
474
493
455
479
459
466
444
441
429
490
484
467
458
439
470
492
469
449
445
475
483
476
394
450
455
438
474
434
456
451
459
425
483
436
464
420
472
438
495
465
442
456
468
458
439
447
486
527
482
485
456
438
441
450
443
474
454
466
459
489
419
465
457
420
447
454
474
482
440
469
450
465
488
499
452
456
490
472
478
461
465
477
436
464
496
434
469
474
475
439
511
458
450
474
504
478
475
462
490
448
480
431
455
484
480
455
454
458
457
498
475
457
442
436
445
472
408
539
436
435
393
438
426
482
433
474
450
433
463
468
515
472
475
470
532
433
468
513
499
489
500
439
503
494
500
478
450
415
493
478
516
431
481
464
461
478
467
457
457
461
478
543
430
494
466
520
469
502
488
523
514
516
483
536
524
502
479
513
548
503
537
502
513
523
501
569
522
510
491
528
491
511
569
528
552
551
548
522
510
543
539
515
534
532
523
560
561
545
535
537
564
574
589
589
573
595
566
567
627
574
544
569
579
574
501
576
576
568
601
575
599
623
592
646
583
626
612
622
533
0
701
0
