$SPEC_ID:
C:\MEXRF\convert\HC_S4_XRF_R003_net.spe
$SPEC_REM:
Sample ID: No
$DATE_MEA: 
01-01-65 12:00
$MEAS_TIM: 
2000 2268.3
$ENER_FIT: 
-0.26245 0.07553
$KED DECLARED U235 ENRICHMENT: 
0.7
$KED DECLARED PU ATOMIC WEIGHT: 
239.63
$KED PATH LENGTH: 
1.414
$KED SAMPLE TEMPERATURE: 
28.2
$DATA: 
0 2047
0
0
0
0
0
0
0
0
0
0
0
0
0
0
0
-1
-8
-24
-9
274
1585
3223
3947
4047
4217
4162
4069
4119
4199
4074
4018
3993
3934
3978
3784
3648
3869
3719
3693
3839
3758
3615
3626
3460
3493
3419
3348
3383
3303
3285
3329
3257
3260
3258
3147
3153
3162
3128
3210
3079
3028
3064
2977
2868
2973
2791
2921
2904
2815
2811
2784
2831
2683
2846
2749
2757
2780
2728
2582
2698
2646
2669
2603
2592
2607
2564
2645
2619
2550
2516
2520
2553
2477
2548
2415
2537
2484
2490
2492
2492
2511
2469
2459
2476
2544
2469
2415
2539
2499
2505
2539
2528
2518
2523
2482
2498
2424
2498
2529
2537
2577
2530
2439
2438
2508
2557
2486
2615
2585
2699
2641
2741
2696
2599
2639
2698
2568
2621
2676
2676
2640
2667
2671
2733
2741
2737
2735
2817
2927
2972
3014
3058
2924
3024
3021
3009
3061
3046
3079
3026
3100
3129
3073
3047
3177
3150
3217
3269
3216
3212
3396
3260
3366
3328
3307
3395
3378
3491
3329
3436
3480
3491
3582
3617
3509
3581
3530
3536
3638
3614
3629
3670
3505
3636
3651
3578
3822
3774
3775
3730
3815
3848
3681
3798
3949
3782
3882
3889
3985
4004
3976
4086
4020
4092
3971
4027
4096
4145
4037
4163
4086
4134
4131
4122
4257
4274
4176
4091
4081
4323
4093
4304
4252
4186
4312
4281
4360
4296
4278
4321
4323
4277
4289
4392
4277
4469
4360
4344
4335
4352
4338
4518
4399
4316
4443
4357
4471
4397
4351
4253
4482
4288
4413
4398
4369
4266
4413
4404
4361
4467
4461
4251
4441
4507
4345
4539
4404
4431
4424
4412
4424
4326
4411
4415
4444
4383
4472
4438
4269
3952
3963
3528
4028
4057
4441
5093
5273
4941
4500
4427
4457
4437
4419
4505
4375
4317
4339
4336
4409
4265
4419
4362
4295
4349
4176
4259
4336
4286
4345
4224
4333
4150
4326
4227
4380
4221
4059
3880
3816
3560
3768
4208
4210
4336
4122
4078
3813
3903
3887
3862
3751
3744
3729
3712
3647
3518
3620
3485
3551
3500
3303
3273
3385
3290
3184
3182
3191
3119
3035
3074
2990
2959
2956
2854
2730
2715
2713
2549
2670
2616
2431
2416
2435
2389
2393
2369
2324
2195
2299
2180
2171
2117
2143
2142
2058
2074
2032
2074
2000
1985
1945
2003
1967
1891
1961
1908
1863
1839
1811
1863
1790
1807
1847
1752
1750
1772
1868
1746
1734
1709
1678
1649
1577
1659
1598
1721
1605
1661
1644
1554
1573
1543
1579
1563
1524
1525
1521
1474
1473
1409
1506
1426
1429
1397
1465
1383
1403
1347
1404
1314
1287
1274
1250
1254
1232
1209
1238
1142
1135
1121
1053
1128
1038
1005
1054
1047
930
965
986
922
946
857
916
933
817
867
834
808
846
801
816
784
788
717
729
684
663
672
770
649
664
684
679
585
570
561
579
567
570
588
539
572
554
532
545
527
531
499
496
510
495
481
430
493
474
473
427
440
441
431
458
442
412
463
422
419
429
429
422
399
436
385
386
406
393
403
360
389
362
400
392
351
397
381
355
364
389
354
347
335
354
346
354
347
293
344
358
354
402
331
337
337
342
339
325
341
341
360
334
350
341
352
317
333
345
349
300
329
302
313
340
318
347
340
316
298
356
355
331
346
354
331
321
402
366
327
332
361
366
403
370
352
385
380
327
374
394
336
378
343
422
424
401
404
392
392
403
404
479
399
451
438
425
420
448
446
487
471
490
518
566
539
641
543
590
593
650
646
653
766
831
863
897
964
973
1036
1143
1133
1213
1223
1305
1358
1385
1399
1548
1503
1529
1587
1597
1638
1605
1636
1622
1606
1545
1553
1458
1409
1429
1493
1353
1297
1381
1404
1360
1391
1385
1423
1362
1480
1507
1558
1544
1581
1685
1650
1656
1702
1807
1891
1837
1927
1904
1943
1997
2042
2088
2115
2213
2230
2399
2392
2457
2558
2522
2566
2658
2833
2889
2939
3027
3141
3219
3365
3569
3698
3863
4102
4439
4576
4877
4970
5122
5352
5656
5717
5812
6004
5992
5954
6111
6061
5998
6273
6097
6157
6102
6031
6238
6180
5948
6201
6153
6165
6109
5940
6070
5851
5908
5880
5787
5841
5876
5767
5787
5985
5919
5818
5800
5790
5795
5828
5873
5788
5986
5976
5922
5904
6045
6006
6185
6381
6840
7431
8284
9719
11204
12378
12569
12009
10868
9465
8372
7875
7466
7501
7510
7648
7925
8255
9154
10547
12607
15550
18101
19628
19010
17741
15020
12819
11204
10041
9762
9617
9637
9946
9827
9949
10117
10290
10415
10646
10786
10974
11036
11226
11440
11547
11656
11937
12017
12148
12367
12690
12704
13198
13060
13428
13514
13852
13835
14207
14386
14752
14856
15063
15157
15314
15990
15782
16204
16471
16592
16817
17062
17462
17680
17856
18263
18207
18507
19040
19394
19341
19699
19742
20043
20080
20356
20822
21314
21279
21736
21971
21900
22164
22528
22936
23064
23174
23606
23815
24049
24178
24784
24922
25041
25453
25530
25990
26012
26367
26541
26842
27022
27238
27730
28093
28475
28870
29009
29531
29769
30545
31208
32283
33342
33938
34978
35408
35888
35746
35111
34628
34283
33750
33869
34319
34375
34571
35039
35124
35725
35637
36299
36496
36709
37632
37412
37930
38848
39027
39756
40551
40849
41107
41349
41377
41109
41442
41568
41552
41779
42088
42214
42489
42514
43088
43570
43887
44438
44537
44858
45093
45540
45955
46661
46694
47128
47690
47676
48464
48753
49146
49508
49504
50322
50253
50619
50874
51360
51216
51804
52514
52604
52881
53271
53703
53855
54077
54698
55211
55070
55513
55610
56034
56352
56586
56743
56473
57476
57740
57866
58451
58486
58758
58305
59169
59184
59575
60316
59815
60348
60685
61262
60782
61905
61729
62014
62345
63329
63112
63341
63577
64285
63940
63872
64498
64304
64606
64818
64755
65105
66073
66024
65568
66506
66574
66856
67033
67042
66944
67912
67545
67857
68514
68313
68678
69038
69494
69571
69386
69481
69731
70065
70650
70491
70932
71500
70870
71312
71636
72429
71828
72387
72020
72798
72579
72976
72863
73470
73113
73764
73290
73689
74056
74152
74177
74704
74083
73670
73976
74329
73958
74470
74338
74282
74383
74581
74205
74206
74115
74108
74268
74436
74187
74024
73678
73112
72741
73155
73083
72328
72696
72226
72340
71573
71294
71072
70814
70926
70339
70261
69755
69525
69137
69613
69345
68746
68447
68303
68919
68364
67722
68506
67968
67744
68081
67938
67218
67270
67459
67437
66738
67157
67337
66707
67112
67099
67039
66892
66889
66717
66200
66515
66382
66623
66624
66415
66720
66538
66635
66716
66639
67008
66447
65803
65640
65016
65514
65008
64604
65237
64575
64454
65074
64435
64041
63624
64316
63392
63481
63551
63806
63092
63493
62580
63504
62852
63081
62420
62521
62608
62243
62030
62118
61980
62180
62081
61265
60790
60474
59818
60011
59894
60376
60608
61065
60652
60848
60343
60395
60107
60631
59491
59377
59041
58212
57716
57362
57288
56865
56935
56156
56710
56235
56171
55476
55531
54679
54442
54453
54258
54242
53906
53625
53206
52912
52012
52284
52112
51924
51636
51121
51100
50731
50561
50228
49368
49755
49408
48719
48924
48744
48234
47944
47215
47610
46824
46790
46649
46188
45877
46077
45019
45041
45001
44617
44383
44412
44225
43908
43557
44047
43588
44166
44103
44678
45437
46299
47153
48910
51703
55249
60941
71301
91445
128145
188493
279026
392138
514336
615823
667195
655541
581131
464872
342697
234692
154495
101827
70352
52726
43166
37452
33703
31435
29383
28310
27135
25869
25140
24476
23719
23244
22627
22268
21832
21708
21447
21185
21231
21143
21197
21409
21830
22300
22669
23802
24950
26842
29698
33124
39175
49082
68202
102001
162158
260859
404476
588382
785115
954599
1046963
1034382
923321
744111
544985
365906
230696
140998
86026
56017
40115
31763
27587
24966
23199
21232
19445
17494
15156
13298
11459
10134
9467
8526
8256
7737
7498
7198
6820
6650
6292
6335
5890
5852
5524
5423
5495
5197
5207
5184
5267
4970
4816
4761
4733
4490
4459
4366
4463
4264
4300
4078
4202
4074
3990
3947
4026
3896
3855
3826
3961
4042
4147
4429
5117
5979
7448
9198
10863
12828
13577
13684
12764
11356
9412
7270
5902
4844
4182
3897
3679
3461
3546
3288
3337
3201
3195
3238
3180
3080
3106
3127
3163
3095
3026
3071
3034
3119
3065
3012
2946
3085
3092
3183
3137
3190
3233
3227
3263
3204
3047
3124
3110
3097
2988
3004
3028
2990
3064
3016
3048
3014
3151
3132
3269
3310
3179
3342
3279
3283
3341
3499
3475
3412
3373
3678
3651
3685
3858
3997
3983
4140
4311
4568
4911
5079
5572
6142
6872
7954
9983
13242
18973
28092
41728
60480
82523
103635
120747
128350
125373
113357
96739
81730
75124
80129
100946
132411
172507
209853
234867
240357
224454
190389
148929
107766
73833
49750
34548
25255
19831
16138
13214
10736
8877
7052
5578
4785
4010
3723
3482
3318
3222
3095
3124
3168
3126
3177
3375
3597
3752
4178
5047
6391
8632
12094
17747
25876
36508
49378
62001
74946
84232
87295
85064
77041
64759
51829
39326
30098
25254
23125
23908
25716
28195
28315
27264
24064
20022
15469
11022
7792
5673
3934
3048
2652
2303
2093
1889
1722
1472
1353
1285
1331
1412
1599
1937
2155
2422
2518
2435
2173
1939
1646
1300
1114
919
848
747
719
691
636
639
636
609
572
575
568
599
592
561
541
555
579
539
581
562
590
548
534
554
526
549
557
560
635
634
685
794
834
1000
1107
1116
1163
1202
1127
1031
996
848
798
682
680
596
658
596
668
662
623
673
648
613
568
497
498
475
498
440
482
440
427
453
428
447
410
435
428
415
431
433
392
427
412
421
413
468
401
417
437
433
429
410
433
402
419
417
409
399
397
374
393
416
401
398
371
359
370
402
370
371
389
368
388
394
389
371
364
368
354
362
386
390
361
363
350
355
338
318
344
345
340
372
384
344
358
390
332
343
354
359
334
338
359
362
336
350
351
340
362
349
350
319
307
305
324
314
336
336
302
339
311
319
329
324
302
300
311
312
288
298
324
335
308
308
296
292
328
316
332
317
274
296
312
301
284
313
276
282
352
281
289
277
302
294
300
325
322
275
290
328
307
286
311
289
313
263
319
279
313
281
310
309
279
315
279
300
319
284
307
308
286
293
295
264
293
286
286
286
272
273
301
305
287
276
280
280
274
255
264
280
292
302
295
276
283
271
297
276
293
276
253
282
280
279
301
273
303
308
289
291
304
250
262
269
270
281
278
271
241
278
253
274
256
273
270
283
266
256
254
249
278
264
269
279
284
233
267
262
256
257
240
273
243
272
272
292
297
272
290
278
277
261
249
235
277
296
258
245
244
265
291
246
264
261
236
297
291
261
287
271
264
271
262
249
275
273
283
262
295
272
276
250
268
272
264
251
267
259
274
236
265
241
261
268
264
284
277
285
245
266
271
291
262
267
277
282
272
265
273
254
279
277
301
301
297
247
291
289
274
272
272
257
281
281
276
278
283
248
255
274
283
267
278
281
293
278
245
267
290
282
284
307
282
300
303
288
304
291
282
298
263
313
281
311
286
294
315
305
290
292
330
286
291
294
295
326
278
330
293
318
286
311
287
311
297
316
311
310
324
316
306
296
330
317
323
306
309
325
339
335
315
324
343
322
331
335
335
348
347
353
349
335
361
331
340
348
343
360
379
324
404
385
377
385
404
419
388
367
391
399
404
423
376
350
394
388
404
395
446
369
379
406
369
431
404
391
436
427
453
419
443
388
426
0
420
0
