$SPEC_ID:
C:\MEXRF\convert\HC_S5FP_XRF_R001_net.spe
$SPEC_REM:
Sample ID: No
$DATE_MEA: 
01-01-65 12:00
$MEAS_TIM: 
2000 2220.23
$ENER_FIT: 
-0.0489 0.07545
$KED DECLARED U235 ENRICHMENT: 
0.7
$KED DECLARED PU ATOMIC WEIGHT: 
239.63
$KED PATH LENGTH: 
1.414
$KED SAMPLE TEMPERATURE: 
28.2
$DATA: 
0 2047
0
0
0
0
0
0
0
0
0
0
-1
-1
0
0
-1
-1
0
-32
-160
-114
379
1221
1512
1640
1813
1739
1742
1690
1624
1653
1550
1569
1671
1618
1515
1567
1589
1467
1428
1466
1474
1428
1384
1438
1388
1426
1442
1345
1344
1321
1321
1316
1321
1287
1269
1298
1324
1338
1265
1324
1275
1271
1322
1234
1221
1254
1216
1182
1228
1134
1171
1129
1228
1223
1181
1258
1194
1187
1147
1178
1171
1234
1194
1222
1271
1203
1203
1257
1124
1212
1211
1215
1112
1176
1269
1222
1197
1305
1297
1331
1250
1279
1337
1287
1293
1214
1290
1319
1309
1441
1513
1481
1461
1432
1552
1488
1470
1500
1551
1511
1596
1555
1542
1579
1649
1769
1767
1666
1774
1773
1792
1787
1715
1768
1791
1825
1756
1903
1897
1946
1965
1937
1990
2019
2036
2080
2176
2073
2277
2256
2255
2323
2309
2395
2352
2421
2481
2508
2488
2491
2248
2470
2491
2681
2665
2669
2724
2710
2699
2778
2791
2828
2834
2861
2855
2944
2832
2868
2971
2951
3022
3002
2973
3037
3079
3100
3088
3147
3213
3095
3206
3182
3231
3169
3212
3252
3203
3305
3215
3244
3380
3381
3382
3318
3366
3360
3380
3363
3335
3332
3315
3350
3340
3464
3498
3407
3459
3329
3487
3445
3418
3366
3392
3376
3363
3415
3387
3310
3472
3427
3369
3284
3282
3350
3257
3248
3357
3423
3356
3297
3341
3296
3166
3283
3204
3200
3155
3273
3069
3184
3111
3118
3283
3019
3065
3149
3007
3049
2965
2883
2928
3012
2994
2869
2998
2971
2853
2783
2781
2716
2812
2728
2723
2754
2641
2735
2569
2597
2523
2623
2498
2452
2517
2471
2411
2356
2327
2110
1954
1844
1735
1513
1873
2012
2485
2548
2514
2512
2167
2057
2020
2022
1951
2005
1939
1833
1948
1891
1792
1842
1772
1733
1793
1747
1659
1687
1719
1645
1657
1570
1480
1591
1531
1511
1491
1385
1331
1080
992
909
1023
1618
1521
1524
1292
1194
1202
1211
1239
1240
1193
1171
1152
1105
1080
1077
1042
1062
1067
985
963
937
923
989
890
938
897
847
869
834
852
889
820
782
777
777
755
689
744
732
697
734
669
643
695
614
616
643
597
635
558
594
638
576
550
575
584
527
616
548
544
531
505
475
512
506
473
445
478
516
469
464
435
509
444
464
456
494
485
481
441
457
464
444
438
422
419
454
413
466
420
428
399
422
418
411
415
423
388
457
383
406
359
337
355
402
399
405
405
462
428
420
378
396
422
371
301
353
296
292
328
367
371
427
424
352
449
430
467
507
588
544
444
367
342
293
310
262
310
308
345
338
385
352
399
363
385
435
429
365
335
338
366
308
366
480
528
600
737
693
614
631
826
952
1189
1191
1012
842
656
475
454
394
313
292
272
259
227
212
245
241
272
254
284
305
291
284
331
450
464
529
499
524
529
477
429
358
356
334
385
449
542
631
645
567
468
396
361
373
364
388
449
360
383
303
231
300
269
303
302
316
344
352
393
425
425
606
843
1350
1893
2359
2513
2284
1922
1356
969
997
1396
2097
2680
3179
3173
2675
1966
1338
955
671
546
485
444
398
378
343
367
397
319
333
379
376
400
363
405
405
408
403
402
379
444
501
546
671
640
696
670
627
587
521
525
583
545
609
563
542
627
686
668
684
683
728
757
817
892
896
843
956
953
1045
1034
1154
1288
1252
1415
1429
1510
1558
1688
1785
1937
2130
2320
2454
2846
3174
3670
4182
4375
4471
4198
3723
3346
2973
2949
2637
2667
2607
2617
2605
2450
2535
2613
2751
2753
2839
2751
2744
2750
2607
2485
2596
2408
2463
2490
2641
2663
2642
2781
2741
2848
2882
2988
3071
3095
3236
3297
3381
3457
3586
3611
3757
3807
3953
3948
4093
4220
4241
4365
4492
4745
4890
5026
5196
5475
5802
5894
6067
6488
6804
7039
7423
7753
8245
8518
8961
9334
9625
9884
9963
10107
10405
10272
10418
10349
10602
10412
10366
10393
10444
10299
10306
10313
10185
10115
9970
9864
9997
9760
9684
9800
9477
9458
9379
9109
9047
9132
8829
8770
9011
8859
8798
9018
9070
9056
8994
9055
8923
8988
9276
9277
9415
9569
9438
9805
10010
10422
10898
11890
13396
14620
15839
16253
15520
14610
13360
12436
11878
11626
11815
12023
12133
12425
12821
13682
14975
16901
19722
21998
23331
23736
22067
20181
18135
16657
16038
15233
15334
15303
15705
15574
16060
16192
16628
16472
16945
17335
17261
17607
17977
18105
18235
18568
19122
19161
19460
19450
20220
20537
20415
20527
21351
21540
21625
22228
22429
23008
22777
23255
23768
23857
24305
24596
25088
25441
25382
25674
26396
26756
27091
27347
27683
28337
28600
29104
29149
29628
29985
30073
30526
30983
30987
31282
31718
32287
32172
32967
33014
33391
34076
34255
34499
34883
35155
35828
35900
36136
36954
36879
37636
37402
37933
38388
38944
39028
39649
40112
40319
40888
40921
41576
41639
42485
42336
43239
43653
44170
44724
45396
46373
47740
48224
48966
50270
50566
50594
50039
49921
49613
49189
49550
49641
50029
50102
50643
50969
51756
52063
52876
52581
53353
53776
54053
54277
55302
55807
56142
56766
57430
57945
58510
58518
58437
58458
58834
59036
57998
59068
59520
59509
60325
60711
61008
61304
61525
62011
62645
62982
63284
63624
64178
64319
64670
65087
65926
65897
66291
66700
67055
67716
67879
68079
68394
68915
69312
69318
70005
69954
70793
70987
71048
72027
72382
72986
72913
73366
73903
73999
74189
74698
74788
75649
75916
76343
76377
77067
77377
77133
78000
77775
78202
78897
79367
79361
79582
80831
80678
81207
80992
81047
81167
82402
82471
82923
83103
83401
83902
84367
85162
84633
85110
84623
85372
85504
85546
86451
86195
86646
86454
87283
87287
87621
87862
87835
88358
87881
88507
88584
89238
89413
89639
89322
90162
89446
90680
90973
90739
90893
91144
91582
92246
92595
92691
92732
92936
92932
92552
93219
93223
93601
93881
93901
94359
93826
94481
93806
94629
94789
94434
94809
94245
94811
95295
95085
95270
95720
95813
95591
95396
96765
95585
96147
95940
96197
96286
96135
95883
96584
96014
96241
96092
96931
96528
96894
95526
96238
96380
96360
96447
96351
96008
96330
95687
96213
96216
96172
96444
95975
95154
95619
95141
95750
95760
95538
94793
95274
95312
94990
94937
94244
94861
94947
94611
94702
93690
94206
94403
93790
94246
93569
93320
93530
93481
93617
93232
93069
92941
92445
92848
92781
93007
92110
91535
91693
92450
91715
91310
92301
91006
91263
90929
90431
91037
89934
89834
89506
89575
88977
88502
88825
87878
88041
88285
87030
87058
87156
86717
86590
86174
86117
85839
85276
85808
84755
84308
84222
84260
83335
82899
82981
82170
82211
82489
80966
81016
80540
79849
79198
79370
79439
79553
79395
79346
78383
77767
78015
77175
76122
76108
75377
75566
74939
74122
73875
73676
73139
72487
72118
71770
71539
71076
70621
70393
69745
69131
68411
68352
68300
67023
66769
66509
65869
65006
64389
64380
64079
62781
62297
62251
61741
61043
60352
60172
59479
58873
58611
57726
56745
56508
55975
55079
54464
55004
53282
53810
52312
52162
51590
50898
50452
49785
49124
48282
47580
47564
46911
45986
45296
44656
44091
43739
42937
42452
42221
41667
41225
40881
40759
41204
41107
43257
47565
54088
64749
78929
94144
106919
113167
111475
102203
85789
69174
54495
43329
35585
30688
27886
25937
24506
23245
22379
21458
20790
20105
19433
18462
17596
17066
16787
16086
15500
15002
14438
13781
13302
12957
12817
12495
12273
11697
11780
11318
10820
10533
10522
10415
10639
11075
12241
14158
18484
25443
37625
55935
78824
103813
126114
138625
136715
123487
100093
74769
51684
34090
22064
15306
11676
9939
9344
9453
9817
10126
9879
9414
8470
7150
6263
5273
4643
4244
3960
3780
3574
3399
3242
3303
3207
3305
3262
3414
3495
3568
3698
3569
3341
3215
2902
2675
2731
2516
2463
2504
2653
2644
2655
2792
2666
2520
2400
2232
2160
2078
2038
2015
1902
1837
1954
1873
2002
2090
2197
2763
3335
4251
5683
7022
8372
9248
9405
8580
7354
5924
4463
3472
2573
2087
1708
1587
1526
1410
1357
1310
1297
1293
1244
1157
1243
1172
1118
1158
1148
1186
1158
1074
1092
1163
1165
1151
1312
1333
1412
1706
1810
1959
2030
1933
1758
1585
1514
1250
1092
1057
970
973
993
958
986
936
908
938
827
878
894
837
885
843
856
900
807
881
876
870
904
857
943
883
925
917
956
942
975
1009
951
1070
1167
1211
1308
1583
1962
2586
3818
5476
7729
10441
13007
15450
16227
15839
14612
12195
10493
9675
10126
12659
16489
21442
26047
29049
30556
27967
24235
18999
13915
9583
6697
4465
3515
2720
2228
1840
1600
1384
1105
982
845
777
668
627
673
637
638
674
700
748
699
730
728
734
801
901
1049
1315
1762
2411
3396
4883
6373
8051
9402
10679
11148
10930
9854
8239
6823
5127
4060
3308
3143
3268
3513
3672
3894
3659
3330
2883
2352
1785
1452
1314
1176
1166
1210
1300
1191
1090
956
852
691
705
735
887
1026
1383
1500
1900
1918
2014
1796
1511
1253
912
740
535
453
421
369
315
297
272
316
260
239
277
250
255
233
255
277
291
307
301
302
350
339
323
294
281
265
277
267
287
290
379
476
558
630
721
758
817
902
880
861
746
638
572
457
380
324
322
311
343
312
369
357
409
356
302
276
221
179
212
228
192
187
178
117
124
106
173
104
167
174
327
328
370
419
397
349
339
355
274
253
205
222
254
252
227
197
161
164
167
147
206
175
156
181
191
188
154
178
187
187
176
124
187
178
129
178
137
169
169
164
158
160
165
164
168
160
172
158
149
157
165
193
173
165
180
174
149
169
157
163
162
184
183
172
193
181
179
203
181
132
143
203
143
179
174
162
172
156
150
188
175
190
185
176
171
196
160
180
176
193
151
183
192
171
147
171
185
193
166
170
156
177
162
163
178
176
162
190
198
186
173
177
172
169
189
188
166
169
185
224
197
200
198
198
167
232
187
225
195
207
214
192
192
174
208
205
187
196
226
191
210
196
214
219
164
219
215
215
217
256
219
249
237
239
214
217
247
206
215
212
244
246
208
220
283
210
258
250
273
226
232
226
248
265
244
223
281
247
248
267
243
284
253
238
272
206
254
290
249
253
275
270
269
278
278
238
246
260
296
285
238
336
280
229
263
296
285
266
310
293
313
269
327
313
275
294
282
313
298
313
336
309
329
310
311
284
287
302
333
306
317
329
316
317
349
378
353
367
380
347
354
328
332
339
343
333
358
345
343
347
379
317
373
359
346
346
376
403
402
373
350
360
368
374
350
342
385
416
397
429
373
370
389
420
386
441
426
397
440
415
450
445
387
418
411
447
406
463
404
454
432
433
384
429
409
427
441
463
438
493
463
419
415
457
427
477
454
503
493
447
494
496
424
478
481
503
507
500
473
535
459
507
471
494
528
513
528
482
484
540
510
449
570
504
526
524
483
547
503
529
523
538
579
552
557
537
539
554
519
559
570
543
555
527
537
549
582
604
540
517
551
557
536
596
609
582
580
548
573
598
573
595
592
576
580
596
657
606
625
600
614
573
642
626
623
612
609
632
634
629
580
606
622
627
630
683
615
631
633
652
651
646
674
628
668
683
672
669
639
652
614
693
649
624
637
702
0
1949
0
